0 0.418910 0.248364 0.024616 0.065175
0 0.904855 0.955152 0.062716 0.089636
0 0.776811 0.811963 0.057293 0.107536
0 0.661677 0.865149 0.052894 0.128060
0 0.411763 0.088761 0.019471 0.045380
0 0.435593 0.418268 0.029234 0.081850
0 0.697430 0.423575 0.146362 0.304389
0 0.532363 0.083963 0.019722 0.033366
0 0.475084 0.294119 0.059770 0.291000
0 0.474404 0.059208 0.015484 0.035508
0 0.556141 0.007691 0.014042 0.014842
0 0.525403 0.344435 0.042249 0.126441
0 0.472060 0.004006 0.014959 0.007284
0 0.512795 0.270700 0.067667 0.275048
0 0.444732 0.068815 0.019109 0.040852
0 0.527906 0.010411 0.020316 0.020630