0 0.420782 0.297619 0.025921 0.066706
0 0.871359 0.913319 0.065231 0.120792
0 0.412718 0.130304 0.019900 0.046805
0 0.740698 0.741830 0.052309 0.097871
0 0.440922 0.480877 0.030871 0.085806
0 0.528904 0.094691 0.017981 0.031745
0 0.676804 0.938055 0.056615 0.123200
0 0.678789 0.402591 0.133976 0.283134
0 0.475557 0.093616 0.015747 0.036336
0 0.415873 0.017196 0.020270 0.034391
0 0.479283 0.341699 0.063619 0.303017
0 0.527178 0.018268 0.023915 0.036537
0 0.554976 0.013173 0.015037 0.025449
0 0.516349 0.312223 0.070405 0.284893
0 0.445467 0.103779 0.018278 0.039205