0 0.423527 0.348587 0.026416 0.070214
0 0.708378 0.683279 0.048218 0.090915
0 0.838059 0.856649 0.060383 0.112248
0 0.413268 0.172851 0.020155 0.048196
0 0.683321 0.978458 0.039605 0.043084
0 0.446844 0.548669 0.032291 0.092313
0 0.661290 0.384520 0.122462 0.260614
0 0.476782 0.130303 0.015702 0.037106
0 0.525882 0.026317 0.023186 0.052633
0 0.482603 0.389796 0.066187 0.315133
0 0.526486 0.106472 0.017389 0.030262
0 0.416102 0.051127 0.020853 0.040198
0 0.520555 0.356833 0.072424 0.295604
0 0.551736 0.026948 0.013514 0.024268