0 0.426284 0.401322 0.027400 0.073179
0 0.808057 0.806848 0.057596 0.104984
0 0.453580 0.617962 0.034686 0.097673
0 0.680556 0.632145 0.044185 0.079287
0 0.645877 0.371043 0.111316 0.243733
0 0.413573 0.215842 0.020750 0.050293
0 0.524318 0.119160 0.016776 0.029957
0 0.477819 0.165408 0.015941 0.038591
0 0.445841 0.015519 0.020919 0.031038
0 0.499915 0.527158 0.052021 0.159876
0 0.474768 0.014865 0.013855 0.027132
0 0.539405 0.481958 0.047697 0.146083
0 0.550371 0.041011 0.013160 0.022771
0 0.524666 0.034701 0.023680 0.069401
0 0.418836 0.052458 0.019656 0.039373
0 0.446592 0.176891 0.019738 0.039646
0 0.416278 0.080829 0.021995 0.059659
0 0.473272 0.088024 0.017202 0.041754