0 0.429719 0.456454 0.028702 0.075929
0 0.656211 0.591067 0.039889 0.071541
0 0.461671 0.692129 0.037712 0.104291
0 0.779620 0.763594 0.054895 0.097136
0 0.414265 0.261387 0.020212 0.054367
0 0.503676 0.583481 0.051919 0.167770
0 0.632144 0.360720 0.102016 0.230584
0 0.478770 0.200100 0.017503 0.038357
0 0.523006 0.133964 0.016047 0.028657
0 0.446111 0.044431 0.019425 0.035953
0 0.417666 0.088783 0.019213 0.038780
0 0.524465 0.043734 0.022773 0.087468
0 0.474356 0.045265 0.013761 0.028906
0 0.433744 0.008375 0.012892 0.016211
0 0.473965 0.121599 0.017912 0.041935
0 0.481512 0.004172 0.010781 0.007855
0 0.416761 0.119041 0.024757 0.060415
0 0.529272 0.450100 0.081492 0.317244
0 0.447065 0.213604 0.020242 0.040654