0 0.433605 0.513788 0.030649 0.079457
0 0.752833 0.726947 0.050845 0.092359
0 0.415545 0.306474 0.021050 0.055778
0 0.635261 0.556564 0.037112 0.065719
0 0.469967 0.770093 0.040767 0.110906
0 0.620217 0.354738 0.093002 0.210692
0 0.480464 0.237044 0.016978 0.039783
0 0.522174 0.149514 0.015407 0.028051
0 0.787041 0.951849 0.060811 0.096228
0 0.524866 0.060524 0.021996 0.089865
0 0.572316 0.005988 0.009987 0.011148
0 0.445931 0.074706 0.019139 0.034834
0 0.431594 0.039615 0.013027 0.022689
0 0.417250 0.126004 0.019151 0.041532
0 0.510673 0.645370 0.052224 0.165497
0 0.474263 0.155313 0.017087 0.042805
0 0.474208 0.076683 0.013677 0.028479
0 0.532017 0.006802 0.010964 0.012346
0 0.481761 0.027258 0.011781 0.021106
0 0.414810 0.164169 0.022689 0.043068
0 0.549438 0.071284 0.012372 0.021135
0 0.489785 0.005474 0.012963 0.010948
0 0.452152 0.045714 0.031534 0.091037
0 0.471039 0.006313 0.008495 0.012187
0 0.541016 0.511111 0.058594 0.277778
0 0.446875 0.230556 0.018750 0.066667