0 0.437677 0.573871 0.031813 0.083440
0 0.416523 0.352839 0.021546 0.057435
0 0.729092 0.696038 0.047819 0.082971
0 0.617049 0.529428 0.033537 0.060323
0 0.479952 0.852194 0.043011 0.119376
0 0.751129 0.890397 0.056050 0.106671
0 0.521361 0.165748 0.014395 0.026770
0 0.482132 0.273118 0.017393 0.040840
0 0.516600 0.707634 0.056398 0.169519
0 0.524650 0.080576 0.021347 0.087541
0 0.609810 0.351184 0.083976 0.197277
0 0.558622 0.640790 0.052123 0.153427
0 0.414513 0.202456 0.022533 0.044820
0 0.502155 0.600526 0.085238 0.378884
0 0.417862 0.162537 0.021673 0.042240
0 0.473651 0.107921 0.013829 0.029511
0 0.430046 0.073103 0.012825 0.022874
0 0.445616 0.105509 0.018644 0.035813
0 0.475168 0.187975 0.021365 0.042838
0 0.451855 0.062993 0.029922 0.078902
0 0.548878 0.087636 0.011893 0.020048
0 0.533080 0.025869 0.010939 0.018772
0 0.481164 0.056285 0.011911 0.021569
0 0.489613 0.027757 0.013259 0.024893
0 0.448767 0.288059 0.021355 0.043424
0 0.574681 0.023982 0.009924 0.014184