0 0.442645 0.635544 0.033515 0.089671
0 0.707761 0.667744 0.044672 0.081136
0 0.418193 0.398770 0.023021 0.057778
0 0.601777 0.508538 0.031455 0.055377
0 0.718480 0.829275 0.050739 0.093762
0 0.520627 0.183375 0.014240 0.026311
0 0.600422 0.349603 0.076839 0.184875
0 0.483395 0.309028 0.018470 0.041023
0 0.524611 0.100828 0.020524 0.084946
0 0.450559 0.104082 0.029865 0.099742
0 0.473576 0.138943 0.013560 0.030239
0 0.491494 0.938401 0.045773 0.123198
0 0.414154 0.241505 0.022732 0.044721
0 0.416635 0.199965 0.020854 0.042385
0 0.428431 0.106874 0.013143 0.023442
0 0.507569 0.657627 0.089134 0.397691
0 0.525052 0.772069 0.055613 0.170040
0 0.565923 0.696330 0.054216 0.158427
0 0.475861 0.222736 0.019274 0.044551
0 0.445030 0.136699 0.018985 0.035837
0 0.450041 0.325734 0.021836 0.046231
0 0.549123 0.104045 0.011282 0.019228
0 0.545802 0.024331 0.011226 0.016660
0 0.480582 0.086251 0.011781 0.020955
0 0.575551 0.007945 0.011777 0.015779
0 0.488740 0.057252 0.013424 0.024382
0 0.502677 0.035664 0.012083 0.017791
0 0.534557 0.049120 0.010921 0.018039