0 0.448051 0.701080 0.035320 0.094570
0 0.688046 0.647099 0.041357 0.072661
0 0.419565 0.448571 0.022915 0.062906
0 0.690183 0.780104 0.046650 0.086165
0 0.588525 0.493205 0.028851 0.050920
0 0.524974 0.121584 0.019863 0.083494
0 0.592321 0.349914 0.070690 0.172152
0 0.485180 0.345853 0.018993 0.043598
0 0.520694 0.200868 0.013278 0.025620
0 0.426559 0.142127 0.013351 0.022839
0 0.497049 0.982859 0.035423 0.034282
0 0.473408 0.170984 0.013914 0.028603
0 0.450602 0.134968 0.029995 0.101600
0 0.574964 0.755078 0.055758 0.165021
0 0.415812 0.260226 0.024061 0.092164
0 0.480220 0.115931 0.012037 0.022583
0 0.550162 0.121270 0.012134 0.019378
0 0.561506 0.021811 0.013853 0.025922
0 0.476815 0.257312 0.019549 0.045053
0 0.580004 0.064020 0.010008 0.015309
0 0.488307 0.020559 0.012438 0.015363
0 0.518750 0.794444 0.062500 0.230556
0 0.450781 0.354861 0.023438 0.056944
0 0.488672 0.084028 0.011719 0.026389
0 0.502344 0.063889 0.009375 0.019444
0 0.535937 0.070833 0.009375 0.016667
0 0.546875 0.046528 0.007812 0.020833
0 0.580859 0.031250 0.010156 0.018056
0 0.514844 0.036111 0.012500 0.016667
0 0.528906 0.025694 0.009375 0.023611
0 0.458594 0.052778 0.006250 0.008333
0 0.469141 0.072917 0.014844 0.031944