0 0.454384 0.770177 0.038163 0.099290
0 0.670677 0.630482 0.038690 0.066441
0 0.421211 0.497976 0.024543 0.062566
0 0.576920 0.481776 0.027161 0.047698
0 0.666068 0.739360 0.043469 0.081418
0 0.520600 0.220013 0.013613 0.024391
0 0.487059 0.383105 0.019792 0.043234
0 0.525182 0.142495 0.019733 0.080889
0 0.584490 0.815431 0.058156 0.173197
0 0.584899 0.353403 0.065702 0.162293
0 0.542159 0.908545 0.062712 0.181872
0 0.473416 0.202303 0.014176 0.029862
0 0.425150 0.175301 0.013247 0.024608
0 0.550720 0.139674 0.011375 0.018204
0 0.414456 0.322149 0.024414 0.048647
0 0.477255 0.291784 0.019055 0.045893
0 0.563392 0.046342 0.013635 0.025346
0 0.479720 0.145151 0.011657 0.022131
0 0.450300 0.165239 0.029932 0.103210
0 0.584968 0.023572 0.011735 0.015123
0 0.487508 0.115988 0.013614 0.024068
0 0.597149 0.030901 0.009898 0.011850
0 0.537244 0.095225 0.010266 0.016617
0 0.580478 0.054001 0.011462 0.017385
0 0.465625 0.102778 0.015625 0.047222
0 0.455078 0.086111 0.014844 0.022222
0 0.514062 0.065972 0.007812 0.018056
0 0.526563 0.045833 0.007812 0.013889
0 0.540234 0.033333 0.007031 0.011111
0 0.548438 0.070833 0.010937 0.016667
0 0.582422 0.084722 0.007031 0.013889
0 0.452344 0.393056 0.015625 0.055556
0 0.496875 0.068056 0.009375 0.016667
0 0.501172 0.095833 0.008594 0.013889