0 0.655309 0.615776 0.036557 0.062918
0 0.461260 0.843540 0.039045 0.107779
0 0.423498 0.549749 0.024560 0.065542
0 0.526269 0.164077 0.019620 0.078466
0 0.567719 0.476206 0.024937 0.042915
0 0.488864 0.422636 0.020168 0.045836
0 0.644464 0.704108 0.039701 0.069587
0 0.594265 0.881650 0.061162 0.178474
0 0.578804 0.357951 0.059012 0.152407
0 0.520736 0.239021 0.013019 0.023573
0 0.449195 0.196569 0.030438 0.104329
0 0.473436 0.233256 0.014230 0.030596
0 0.423936 0.210158 0.013566 0.024174
0 0.551607 0.157771 0.010537 0.017489
0 0.551861 0.943602 0.063790 0.112795
0 0.478247 0.327105 0.019517 0.047784
0 0.452158 0.423949 0.029415 0.088930
0 0.479128 0.175371 0.011535 0.021221
0 0.414657 0.362524 0.023444 0.050547
0 0.474421 0.120665 0.031700 0.072147
0 0.487159 0.144942 0.013334 0.024446
0 0.574851 0.030246 0.032475 0.038393
0 0.584244 0.105662 0.008241 0.013340
0 0.550217 0.097160 0.011091 0.015445
0 0.539184 0.118873 0.009789 0.016033
0 0.587048 0.049458 0.011355 0.014020
0 0.583067 0.077890 0.010937 0.015279
0 0.560522 0.018263 0.034005 0.036253
0 0.503516 0.122917 0.011719 0.015278
0 0.514062 0.100000 0.009375 0.013889
0 0.526563 0.079861 0.009375 0.020833
0 0.564844 0.074306 0.012500 0.018056