0 0.469056 0.920868 0.041774 0.113345
0 0.803629 0.977040 0.046667 0.045920
0 0.425392 0.603518 0.025282 0.068874
0 0.641183 0.606412 0.034325 0.057597
0 0.625639 0.677161 0.036432 0.064423
0 0.559099 0.472998 0.023290 0.040263
0 0.490904 0.461648 0.019979 0.047447
0 0.526874 0.185872 0.020160 0.077168
0 0.520714 0.258397 0.012948 0.023538
0 0.422423 0.245107 0.013780 0.024883
0 0.605183 0.927969 0.062173 0.144062
0 0.473052 0.265632 0.014049 0.030742
0 0.479516 0.362563 0.020560 0.049248
0 0.572900 0.363975 0.054783 0.142864
0 0.552974 0.177352 0.010017 0.016384
0 0.478902 0.205053 0.011855 0.023022
0 0.486389 0.174581 0.013331 0.023902
0 0.574167 0.057738 0.034607 0.042700
0 0.415162 0.404044 0.024975 0.053472
0 0.540888 0.141970 0.009560 0.016483
0 0.551869 0.120623 0.011173 0.016646
0 0.558107 0.044491 0.034371 0.040144
0 0.443363 0.262511 0.020611 0.037593
0 0.588896 0.074818 0.011528 0.013998
0 0.473078 0.150674 0.032980 0.074328
0 0.456641 0.470833 0.016406 0.063889
0 0.501563 0.155556 0.009375 0.016667
0 0.510938 0.123611 0.007812 0.011111
0 0.528516 0.105556 0.010156 0.016667
0 0.565234 0.097917 0.008594 0.015278
0 0.585938 0.100694 0.007812 0.012500
0 0.455469 0.150694 0.010937 0.020833