0 0.628578 0.598382 0.032171 0.054162
0 0.782630 0.958247 0.056645 0.083507
0 0.427861 0.660732 0.026662 0.075050
0 0.552334 0.472426 0.021748 0.037404
0 0.493092 0.499767 0.021104 0.046820
0 0.527621 0.207396 0.020327 0.075094
0 0.568274 0.371531 0.050089 0.135848
0 0.521033 0.277769 0.012896 0.023080
0 0.448310 0.259811 0.030314 0.105978
0 0.609294 0.655847 0.033346 0.059364
0 0.420966 0.279757 0.014187 0.026807
0 0.472927 0.296759 0.014685 0.031152
0 0.474996 0.970781 0.038317 0.058438
0 0.542347 0.164880 0.009770 0.015894
0 0.591029 0.100890 0.011644 0.013740
0 0.416231 0.446473 0.026579 0.055866
0 0.573804 0.084157 0.033431 0.041711
0 0.478408 0.234480 0.012034 0.022105
0 0.443485 0.293933 0.021062 0.038641
0 0.455082 0.506232 0.030969 0.099898
0 0.555587 0.072563 0.034036 0.039265
0 0.554764 0.196406 0.011003 0.016109
0 0.553278 0.144186 0.010974 0.016493
0 0.480916 0.397647 0.021624 0.049715
0 0.485776 0.203132 0.013352 0.024522
0 0.587558 0.124562 0.011036 0.015574
0 0.473119 0.178569 0.032310 0.073993
0 0.497656 0.172222 0.012500 0.019444
0 0.510938 0.148611 0.006250 0.013889
0 0.525000 0.134722 0.010937 0.016667
0 0.537500 0.120833 0.006250 0.011111
0 0.568750 0.123611 0.012500 0.016667
0 0.451172 0.183333 0.013281 0.016667