0 0.756807 0.931492 0.051354 0.092753
0 0.617346 0.591802 0.030473 0.049199
0 0.430941 0.718117 0.027330 0.079255
0 0.595732 0.638745 0.031363 0.054741
0 0.495526 0.539452 0.021806 0.049626
0 0.419503 0.315550 0.013973 0.028026
0 0.546631 0.474434 0.020814 0.036679
0 0.528396 0.228746 0.021118 0.073400
0 0.473143 0.328218 0.014561 0.031559
0 0.521190 0.297256 0.012761 0.022898
0 0.448328 0.290233 0.029495 0.108727
0 0.418287 0.465027 0.030702 0.109274
0 0.482265 0.433012 0.022859 0.050829
0 0.565398 0.381761 0.044248 0.126825
0 0.478161 0.263410 0.011959 0.021753
0 0.572973 0.110355 0.033390 0.041142
0 0.443353 0.325604 0.019984 0.039586
0 0.556321 0.214828 0.010070 0.016726
0 0.553069 0.099818 0.034547 0.038335
0 0.543488 0.187317 0.010028 0.016397
0 0.446630 0.219149 0.015254 0.025287
0 0.485000 0.231416 0.013807 0.025317
0 0.472507 0.207077 0.032370 0.076007
0 0.458203 0.563194 0.025781 0.048611
0 0.498828 0.202083 0.010156 0.020833
0 0.510547 0.180556 0.010156 0.019444
0 0.524609 0.164583 0.011719 0.020833
0 0.554688 0.165278 0.012500 0.016667
0 0.569531 0.145139 0.012500 0.018056