0 0.434365 0.778091 0.029509 0.084053
0 0.733675 0.901874 0.047794 0.086518
0 0.541530 0.478673 0.019832 0.035932
0 0.607520 0.589234 0.028738 0.046173
0 0.529061 0.250601 0.021332 0.072269
0 0.498540 0.579998 0.022393 0.049355
0 0.418062 0.350690 0.014630 0.027614
0 0.521332 0.316523 0.012510 0.022853
0 0.473120 0.360018 0.015119 0.032435
0 0.583993 0.625640 0.029541 0.050740
0 0.557654 0.234232 0.009855 0.016548
0 0.561742 0.390454 0.040648 0.120749
0 0.483831 0.467515 0.022887 0.050957
0 0.443259 0.356874 0.020364 0.042426
0 0.477151 0.292868 0.012505 0.023411
0 0.417022 0.534413 0.025747 0.062065
0 0.544593 0.210332 0.010222 0.015961
0 0.443393 0.252331 0.014892 0.025560
0 0.549989 0.127754 0.034158 0.040292
0 0.484411 0.259275 0.013532 0.025355
0 0.497490 0.237353 0.010880 0.016474
0 0.464062 0.609722 0.023438 0.044444
0 0.511719 0.213889 0.012500 0.019444
0 0.492969 0.204167 0.012500 0.016667
0 0.465625 0.245139 0.018750 0.034722
0 0.523047 0.193056 0.011719 0.016667
0 0.537891 0.177778 0.011719 0.016667
0 0.555078 0.192361 0.005469 0.009722
0 0.572266 0.174306 0.011719 0.020833
0 0.592187 0.170139 0.009375 0.012500