0 0.713329 0.874942 0.045311 0.081000
0 0.438626 0.842233 0.031043 0.088171
0 0.501211 0.621491 0.023294 0.051911
0 0.598870 0.588581 0.026691 0.043530
0 0.537541 0.485353 0.018907 0.034324
0 0.416943 0.386312 0.015130 0.029384
0 0.573392 0.618811 0.026765 0.046841
0 0.530396 0.272330 0.021841 0.070294
0 0.521837 0.336424 0.012310 0.021635
0 0.473490 0.391653 0.015329 0.033733
0 0.559574 0.254330 0.009823 0.015778
0 0.419153 0.580193 0.028458 0.066837
0 0.446981 0.353147 0.029420 0.113303
0 0.558750 0.402075 0.038584 0.115753
0 0.476920 0.322657 0.012486 0.022748
0 0.485431 0.503940 0.024454 0.052479
0 0.417201 0.520684 0.026407 0.057102
0 0.469886 0.264008 0.031584 0.077058
0 0.547606 0.156441 0.033889 0.040993
0 0.545965 0.233885 0.010882 0.015734
0 0.466907 0.663311 0.026458 0.059342
0 0.440625 0.280556 0.014063 0.013889
0 0.497656 0.260417 0.009375 0.009722
0 0.485547 0.285417 0.008594 0.015278
0 0.509375 0.237500 0.007812 0.013889
0 0.492188 0.229861 0.010937 0.018056
0 0.523438 0.217361 0.007812 0.009722
0 0.535547 0.201389 0.007031 0.016667
0 0.542969 0.194444 0.007812 0.019444
0 0.574609 0.195833 0.008594 0.013889
0 0.557422 0.213194 0.008594 0.012500