0 0.694819 0.854376 0.041923 0.073990
0 0.443489 0.907907 0.033081 0.090988
0 0.504546 0.664582 0.023923 0.053487
0 0.591313 0.589657 0.025493 0.042515
0 0.564807 0.613745 0.024716 0.043925
0 0.415849 0.423044 0.015143 0.030218
0 0.534328 0.493904 0.018109 0.032445
0 0.473721 0.424242 0.015145 0.033294
0 0.522395 0.355416 0.012026 0.021354
0 0.531371 0.293894 0.022246 0.068847
0 0.420545 0.626879 0.029388 0.069580
0 0.418733 0.564342 0.028418 0.061228
0 0.487297 0.541475 0.023631 0.055237
0 0.557126 0.414148 0.035228 0.111134
0 0.437454 0.318663 0.015020 0.026095
0 0.476483 0.351250 0.012720 0.023858
0 0.545211 0.183510 0.033654 0.042055
0 0.547566 0.256389 0.010642 0.015864
0 0.446701 0.384357 0.029012 0.116662
0 0.561814 0.274632 0.009423 0.014680
0 0.468359 0.697917 0.021094 0.065278
0 0.484766 0.309722 0.011719 0.022222
0 0.498828 0.291667 0.010156 0.019444
0 0.493359 0.258333 0.014844 0.016667
0 0.507031 0.263889 0.007812 0.013889
0 0.520703 0.245139 0.010156 0.015278
0 0.533984 0.229861 0.008594 0.012500
0 0.574609 0.220139 0.011719 0.020833