0 0.677922 0.838057 0.039379 0.069537
0 0.448394 0.964501 0.034542 0.070997
0 0.507879 0.708287 0.025145 0.056796
0 0.414783 0.460483 0.015695 0.031420
0 0.584931 0.593166 0.023772 0.039833
0 0.531339 0.504650 0.017646 0.030124
0 0.522662 0.375464 0.012040 0.021688
0 0.473816 0.456124 0.015192 0.034983
0 0.532430 0.315655 0.022301 0.067530
0 0.557322 0.612908 0.023384 0.041340
0 0.421705 0.676902 0.029947 0.073713
0 0.434629 0.351487 0.015902 0.027993
0 0.554501 0.426562 0.032958 0.105560
0 0.563547 0.294395 0.009135 0.014481
0 0.488496 0.579327 0.023433 0.057670
0 0.560769 0.222557 0.015370 0.029229
0 0.475729 0.380956 0.012617 0.024743
0 0.548666 0.278852 0.011006 0.016689
0 0.482248 0.344498 0.013832 0.025885
0 0.444141 0.447917 0.017969 0.037500
0 0.473047 0.751389 0.017969 0.058333
0 0.498437 0.318750 0.017188 0.023611
0 0.489063 0.283333 0.010937 0.011111
0 0.507812 0.291667 0.012500 0.025000
0 0.520703 0.270833 0.010156 0.019444
0 0.531641 0.251389 0.005469 0.008333
0 0.464844 0.337500 0.014063 0.038889