0 0.662933 0.823661 0.037007 0.064692
0 0.413679 0.498243 0.015861 0.033190
0 0.511421 0.753617 0.025692 0.058590
0 0.578864 0.597649 0.022065 0.037696
0 0.528814 0.515579 0.017098 0.029780
0 0.474043 0.489572 0.015754 0.036052
0 0.419111 0.657759 0.028177 0.066865
0 0.550920 0.615112 0.022423 0.038918
0 0.423430 0.727899 0.031331 0.078594
0 0.523044 0.395692 0.012209 0.021759
0 0.553136 0.440604 0.030560 0.100531
0 0.490907 0.615889 0.025582 0.057546
0 0.445319 0.448244 0.030262 0.121475
0 0.431711 0.385824 0.014856 0.026786
0 0.532855 0.337874 0.022594 0.065539
0 0.539286 0.237588 0.032844 0.041152
0 0.474941 0.411440 0.012447 0.023613
0 0.559823 0.248753 0.015137 0.028602
0 0.565643 0.314976 0.009447 0.014100
0 0.468058 0.340364 0.029199 0.063220
0 0.549872 0.302761 0.010694 0.014834
0 0.494018 0.346866 0.011414 0.017982
0 0.504297 0.313889 0.010156 0.016667
0 0.483984 0.370139 0.010156 0.020833
0 0.578906 0.263194 0.014063 0.018056
0 0.563281 0.286111 0.017188 0.019444
0 0.519531 0.296528 0.007812 0.020833
0 0.477734 0.802778 0.022656 0.050000