0 0.649229 0.812716 0.035111 0.059980
0 0.515222 0.799371 0.027360 0.061965
0 0.573630 0.605328 0.021234 0.034630
0 0.412911 0.537988 0.016094 0.033610
0 0.421956 0.708987 0.032728 0.075131
0 0.425940 0.781425 0.033381 0.083735
0 0.523309 0.416704 0.011904 0.021041
0 0.551401 0.455370 0.028176 0.096650
0 0.527200 0.527642 0.016786 0.030237
0 0.545546 0.619933 0.020889 0.036226
0 0.492785 0.654683 0.026675 0.060246
0 0.429367 0.418159 0.016306 0.030945
0 0.474390 0.522317 0.016293 0.037293
0 0.445409 0.481460 0.030835 0.124611
0 0.534029 0.359889 0.023344 0.064367
0 0.480397 0.402371 0.013956 0.025608
0 0.466578 0.369465 0.029505 0.064355
0 0.568208 0.335621 0.009723 0.013656
0 0.579643 0.289871 0.012682 0.022555
0 0.559018 0.275110 0.015470 0.029403
0 0.474284 0.440743 0.012553 0.025149
0 0.778057 0.985352 0.117942 0.029296
0 0.486436 0.340861 0.011951 0.019152
0 0.503935 0.345615 0.010873 0.018730
0 0.482812 0.856944 0.023438 0.055556
0 0.494531 0.373611 0.010937 0.016667
0 0.517188 0.323611 0.010937 0.016667
0 0.551172 0.323611 0.007031 0.013889
0 0.565234 0.309722 0.010156 0.016667
0 0.528516 0.274306 0.016406 0.023611