0 0.519873 0.846974 0.027897 0.065787
0 0.636989 0.805261 0.033216 0.056065
0 0.411957 0.577578 0.016326 0.035517
0 0.474973 0.557113 0.016744 0.037822
0 0.569148 0.613280 0.020176 0.033181
0 0.540982 0.626581 0.019657 0.035456
0 0.762661 0.969928 0.136634 0.060143
0 0.523654 0.437614 0.011802 0.020570
0 0.429186 0.837521 0.035276 0.089123
0 0.525652 0.541211 0.015714 0.029257
0 0.422398 0.758411 0.031321 0.080706
0 0.444713 0.513749 0.031137 0.129973
0 0.495191 0.696732 0.026307 0.064252
0 0.427056 0.452462 0.016486 0.031974
0 0.473865 0.471357 0.012652 0.024781
0 0.534780 0.382605 0.023047 0.062546
0 0.479428 0.431070 0.013925 0.026531
0 0.550039 0.470655 0.026346 0.093747
0 0.485317 0.368162 0.011701 0.020136
0 0.464262 0.406405 0.031197 0.083698
0 0.492497 0.403085 0.011585 0.019232
0 0.569938 0.356326 0.009220 0.013293
0 0.581181 0.314223 0.012855 0.022743
0 0.455844 0.434846 0.017262 0.032102
0 0.525391 0.300000 0.011719 0.022222
0 0.488672 0.911806 0.017969 0.051389
0 0.503516 0.370833 0.010156 0.013889
0 0.514844 0.353472 0.009375 0.018056
0 0.538281 0.325694 0.009375 0.012500
0 0.558203 0.305556 0.016406 0.025000