0 0.524324 0.895595 0.028972 0.067776
0 0.411343 0.618729 0.016930 0.037125
0 0.746578 0.956520 0.140234 0.086961
0 0.625893 0.799684 0.030844 0.053269
0 0.524116 0.458799 0.011311 0.020226
0 0.431776 0.896543 0.036687 0.094992
0 0.565144 0.622194 0.019272 0.031642
0 0.475517 0.590556 0.017665 0.039109
0 0.537393 0.634400 0.018738 0.034002
0 0.423620 0.813623 0.031550 0.084193
0 0.524139 0.555597 0.014491 0.028431
0 0.473055 0.501645 0.012468 0.024301
0 0.549547 0.486912 0.024883 0.091576
0 0.565405 0.322539 0.032148 0.039744
0 0.535773 0.404996 0.022998 0.061708
0 0.497461 0.735952 0.028685 0.064507
0 0.478189 0.460187 0.014267 0.027066
0 0.530560 0.319530 0.033576 0.041392
0 0.483819 0.395338 0.011909 0.019639
0 0.424473 0.486882 0.016613 0.032977
0 0.491376 0.431058 0.011463 0.018403
0 0.444329 0.546051 0.030247 0.135187
0 0.462459 0.436231 0.031867 0.084735
0 0.602252 0.294637 0.023671 0.029295
0 0.582654 0.338420 0.012006 0.020512
0 0.487891 0.957639 0.024219 0.059722
0 0.501563 0.397222 0.006250 0.016667
0 0.513672 0.378472 0.008594 0.015278
0 0.571094 0.375000 0.007812 0.011111