0 0.616177 0.796863 0.029513 0.050024
0 0.529323 0.946195 0.030796 0.069523
0 0.732041 0.945816 0.145260 0.108367
0 0.411043 0.660191 0.017601 0.038931
0 0.435376 0.954767 0.037525 0.090467
0 0.475944 0.625582 0.017885 0.039850
0 0.536350 0.428115 0.022854 0.060328
0 0.561879 0.632505 0.018624 0.030906
0 0.524474 0.479805 0.011316 0.020483
0 0.548616 0.503538 0.023170 0.086354
0 0.534039 0.645024 0.018004 0.031951
0 0.472730 0.532317 0.012479 0.023566
0 0.500168 0.779958 0.028141 0.068275
0 0.477373 0.489362 0.014239 0.027852
0 0.528002 0.346600 0.032715 0.041111
0 0.422213 0.521693 0.016289 0.032818
0 0.490550 0.458673 0.011695 0.019931
0 0.523037 0.571116 0.014334 0.027718
0 0.564450 0.347740 0.031939 0.041058
0 0.461042 0.465557 0.031902 0.087987
0 0.583820 0.361876 0.013064 0.021460
0 0.426575 0.870754 0.033341 0.092148
0 0.500842 0.427215 0.011049 0.018740
0 0.555178 0.395397 0.010367 0.015212
0 0.444235 0.578987 0.028327 0.142054
0 0.482538 0.422445 0.011821 0.021181
0 0.575000 0.400000 0.010937 0.019444
0 0.513281 0.406944 0.014063 0.019444
0 0.441406 0.458333 0.012500 0.025000