0 0.718426 0.936956 0.148638 0.126088
0 0.410650 0.702540 0.018012 0.041558
0 0.607087 0.795984 0.027017 0.047176
0 0.558827 0.643909 0.017666 0.029797
0 0.503868 0.821367 0.030966 0.069633
0 0.476641 0.660701 0.018005 0.040709
0 0.524830 0.501330 0.011398 0.019278
0 0.531240 0.655349 0.016523 0.032277
0 0.522307 0.586015 0.014567 0.026380
0 0.534047 0.980732 0.029826 0.038537
0 0.548488 0.519271 0.021592 0.084397
0 0.460075 0.494033 0.031496 0.088518
0 0.419999 0.556889 0.016381 0.036975
0 0.472118 0.562532 0.013101 0.025275
0 0.537299 0.450592 0.023603 0.059539
0 0.476633 0.518392 0.014581 0.028085
0 0.489494 0.487385 0.011548 0.019558
0 0.525192 0.373658 0.033599 0.042221
0 0.499944 0.454285 0.011106 0.017680
0 0.444423 0.615213 0.027465 0.141144
0 0.556672 0.418533 0.010034 0.014222
0 0.672031 0.956372 0.056119 0.087255
0 0.563326 0.375289 0.031465 0.039003
0 0.481421 0.449921 0.012085 0.020948
0 0.585938 0.383333 0.010937 0.022222
0 0.576953 0.415972 0.008594 0.018056
0 0.569141 0.399306 0.011719 0.023611
0 0.513281 0.437500 0.012500 0.019444