0 0.410682 0.746674 0.018820 0.044412
0 0.599241 0.797151 0.025589 0.044143
0 0.477733 0.698176 0.018049 0.042439
0 0.556690 0.656283 0.016266 0.028149
0 0.525646 0.522764 0.011025 0.019184
0 0.471838 0.593486 0.013074 0.025754
0 0.656459 0.951738 0.052843 0.093453
0 0.417869 0.592729 0.016968 0.037832
0 0.507554 0.866561 0.031839 0.072962
0 0.528995 0.667969 0.016556 0.030099
0 0.705149 0.930329 0.150906 0.139221
0 0.488597 0.515945 0.011966 0.019829
0 0.521677 0.603300 0.013913 0.025437
0 0.548441 0.537709 0.020435 0.080942
0 0.690264 0.965741 0.067607 0.068518
0 0.444331 0.649480 0.026869 0.146282
0 0.538035 0.472916 0.023132 0.058394
0 0.475565 0.548370 0.013856 0.027928
0 0.562295 0.400207 0.031352 0.040583
0 0.479476 0.480580 0.010719 0.015644
0 0.682369 0.889463 0.049007 0.057263
0 0.557881 0.441646 0.009818 0.014303
0 0.522459 0.401415 0.033601 0.043373
0 0.498820 0.481373 0.011181 0.018906
0 0.570997 0.427734 0.010397 0.013752
0 0.443606 0.700423 0.024255 0.047085
0 0.510556 0.461314 0.012657 0.021174
0 0.459417 0.523004 0.031038 0.089771
0 0.436267 0.525653 0.014487 0.027631
0 0.535094 0.411476 0.009709 0.016125
0 0.579426 0.441747 0.008606 0.011718
0 0.587891 0.408333 0.014844 0.019444