0 0.591922 0.799866 0.024562 0.042425
0 0.411193 0.792423 0.019976 0.046846
0 0.691768 0.925742 0.147759 0.148419
0 0.478848 0.734912 0.018590 0.043328
0 0.416417 0.629099 0.017675 0.037314
0 0.526210 0.544779 0.011180 0.019132
0 0.554306 0.669530 0.016422 0.027798
0 0.527275 0.681437 0.015683 0.029002
0 0.539445 0.495494 0.023566 0.057387
0 0.471518 0.625028 0.013433 0.026510
0 0.548627 0.554984 0.018930 0.079162
0 0.643270 0.943137 0.050650 0.089693
0 0.561273 0.425827 0.033345 0.040639
0 0.474985 0.578691 0.014180 0.029020
0 0.520112 0.428200 0.034352 0.043664
0 0.487947 0.544587 0.011603 0.020066
0 0.478334 0.507955 0.011437 0.017794
0 0.511491 0.914120 0.033423 0.076675
0 0.521455 0.620568 0.013208 0.024422
0 0.559464 0.465508 0.010194 0.014664
0 0.445052 0.684909 0.027587 0.151264
0 0.444090 0.737108 0.025267 0.051030
0 0.675899 0.961170 0.070873 0.077660
0 0.572919 0.451346 0.010606 0.013542
0 0.497939 0.509209 0.010873 0.018658
0 0.581701 0.463891 0.008754 0.011148
0 0.666304 0.880038 0.044498 0.056169
0 0.432812 0.559722 0.012500 0.022222
0 0.449219 0.573611 0.018750 0.038889
0 0.508594 0.492361 0.012500 0.020833
0 0.523438 0.468750 0.007812 0.018056
0 0.590234 0.435417 0.013281 0.018056