0 0.411862 0.839603 0.021268 0.049960
0 0.679341 0.922797 0.144599 0.154195
0 0.585621 0.804005 0.022640 0.040279
0 0.480024 0.773007 0.019384 0.045778
0 0.414516 0.666718 0.017690 0.041678
0 0.471097 0.656484 0.013138 0.027544
0 0.526678 0.566853 0.011007 0.018688
0 0.552648 0.683151 0.015879 0.027758
0 0.540890 0.518155 0.024935 0.057149
0 0.560516 0.452253 0.032632 0.042266
0 0.548625 0.573655 0.018530 0.078349
0 0.526045 0.695909 0.014918 0.029814
0 0.516175 0.961113 0.035425 0.077774
0 0.443984 0.774648 0.025529 0.051630
0 0.517220 0.456669 0.034118 0.045285
0 0.487224 0.573753 0.011984 0.019533
0 0.560901 0.489336 0.009782 0.013410
0 0.630648 0.935249 0.047278 0.086739
0 0.474224 0.608631 0.014385 0.029439
0 0.476443 0.534439 0.012545 0.018365
0 0.574368 0.475338 0.010693 0.013732
0 0.430255 0.592617 0.015034 0.033509
0 0.521846 0.496575 0.010453 0.014886
0 0.496810 0.536923 0.010701 0.018839
0 0.652298 0.874014 0.042384 0.057338
0 0.520937 0.638132 0.012357 0.024801
0 0.663194 0.957764 0.073839 0.084472
0 0.458033 0.577711 0.029846 0.083475
0 0.445179 0.719919 0.027802 0.157094
0 0.584050 0.486475 0.008669 0.012104
0 0.592187 0.458333 0.015625 0.022222
0 0.507812 0.511806 0.012500 0.020833