0 0.412710 0.888565 0.022198 0.051192
0 0.579839 0.810577 0.022146 0.037637
0 0.481305 0.810505 0.021643 0.046409
0 0.412746 0.705234 0.018423 0.043864
0 0.551325 0.697823 0.014717 0.025525
0 0.470818 0.688030 0.013753 0.028369
0 0.527235 0.589021 0.010960 0.018280
0 0.541750 0.541504 0.024925 0.056239
0 0.559309 0.478437 0.032129 0.041329
0 0.520782 0.656783 0.012439 0.023643
0 0.524510 0.711646 0.014131 0.027923
0 0.562334 0.512955 0.010454 0.013844
0 0.514770 0.483657 0.034225 0.045334
0 0.666957 0.920675 0.139573 0.158649
0 0.549197 0.591873 0.018692 0.074654
0 0.485948 0.602501 0.011658 0.020726
0 0.474864 0.563004 0.013058 0.019805
0 0.473466 0.638994 0.014742 0.030615
0 0.575790 0.498918 0.010056 0.012986
0 0.495454 0.564225 0.011655 0.020472
0 0.444791 0.795315 0.028310 0.088887
0 0.618529 0.931406 0.043421 0.080440
0 0.450000 0.643056 0.020313 0.036111
0 0.428906 0.629167 0.012500 0.022222
0 0.508203 0.543750 0.010156 0.023611
0 0.521484 0.518750 0.008594 0.023611
0 0.592578 0.483333 0.010156 0.013889
0 0.588281 0.511111 0.007812 0.011111