0 0.413850 0.938985 0.022876 0.054402
0 0.574803 0.817526 0.020814 0.036159
0 0.482910 0.849978 0.021726 0.048610
0 0.411048 0.744760 0.018786 0.045778
0 0.470729 0.720485 0.014450 0.029303
0 0.549990 0.713609 0.014084 0.024494
0 0.528020 0.611435 0.010718 0.018090
0 0.523613 0.727814 0.013339 0.027198
0 0.542906 0.564660 0.024564 0.056613
0 0.511893 0.510046 0.034341 0.043671
0 0.485088 0.632291 0.011410 0.019871
0 0.445685 0.793878 0.029122 0.167711
0 0.520703 0.675501 0.012730 0.023971
0 0.651307 0.920823 0.125988 0.158354
0 0.587272 0.993948 0.024628 0.012104
0 0.494075 0.592853 0.011623 0.020619
0 0.550044 0.611017 0.019407 0.071132
0 0.563760 0.536356 0.009696 0.014588
0 0.473446 0.591160 0.012532 0.021101
0 0.472677 0.670722 0.014524 0.030635
0 0.558643 0.505075 0.031496 0.040105
0 0.424715 0.663781 0.015765 0.032973
0 0.608441 0.930680 0.040877 0.079206
0 0.456310 0.629291 0.028652 0.070669
0 0.577528 0.523133 0.010390 0.012360
0 0.505485 0.571522 0.012845 0.021827
0 0.588595 0.531365 0.008587 0.011042