0 0.415610 0.980598 0.024041 0.038804
0 0.485087 0.891608 0.022482 0.050141
0 0.570449 0.827382 0.019812 0.032808
0 0.470408 0.753233 0.014310 0.029869
0 0.446805 0.831591 0.031027 0.174277
0 0.409850 0.784922 0.019811 0.044628
0 0.543800 0.587594 0.024347 0.054436
0 0.528609 0.633312 0.010711 0.018073
0 0.549454 0.729246 0.013741 0.024180
0 0.550747 0.630518 0.019788 0.069724
0 0.422231 0.698011 0.016151 0.039321
0 0.578924 0.994153 0.023603 0.011695
0 0.484025 0.660420 0.011812 0.022372
0 0.522425 0.744608 0.013493 0.026563
0 0.565190 0.560322 0.010230 0.014469
0 0.492823 0.620988 0.011559 0.021252
0 0.520707 0.694276 0.012010 0.023377
0 0.471932 0.701380 0.014737 0.031042
0 0.504224 0.599105 0.013295 0.021889
0 0.509241 0.538823 0.033082 0.046676
0 0.549566 0.536805 0.015239 0.029923
0 0.637599 0.921454 0.115973 0.157091
0 0.471784 0.619769 0.011490 0.021683
0 0.531678 0.561184 0.010458 0.013942
0 0.453392 0.673109 0.032302 0.101888
0 0.525602 0.547317 0.010744 0.014946
0 0.581250 0.549306 0.009375 0.015278