0 0.487386 0.933435 0.023488 0.052583
0 0.408566 0.826695 0.019469 0.050313
0 0.566700 0.837780 0.019045 0.031335
0 0.470578 0.785927 0.014738 0.031106
0 0.529230 0.655509 0.010312 0.017618
0 0.545578 0.611177 0.025416 0.053349
0 0.419813 0.734129 0.016062 0.040358
0 0.548538 0.745653 0.013343 0.023524
0 0.447376 0.869644 0.031934 0.181499
0 0.452541 0.703277 0.031789 0.103912
0 0.483222 0.690627 0.011981 0.021252
0 0.522234 0.761503 0.012934 0.026369
0 0.471675 0.732866 0.015210 0.031829
0 0.521040 0.713461 0.012057 0.022753
0 0.551803 0.649502 0.020114 0.068387
0 0.570466 0.995063 0.023751 0.009874
0 0.470414 0.645975 0.011769 0.025483
0 0.567321 0.583549 0.010282 0.014395
0 0.491688 0.648988 0.012140 0.022578
0 0.447783 0.933502 0.030912 0.057963
0 0.515936 0.605518 0.010127 0.014394
0 0.548834 0.562662 0.015230 0.029959
0 0.592969 0.945833 0.037500 0.077778
0 0.614453 0.892361 0.035156 0.079167
0 0.503906 0.629167 0.012500 0.019444