0 0.489965 0.974034 0.023829 0.051932
0 0.407416 0.867374 0.020805 0.050292
0 0.470472 0.818848 0.014966 0.032227
0 0.563361 0.847524 0.018295 0.030564
0 0.546755 0.632219 0.025647 0.054504
0 0.547645 0.760972 0.013252 0.023027
0 0.529992 0.677166 0.010316 0.017781
0 0.490307 0.676441 0.011910 0.021327
0 0.553294 0.667983 0.021034 0.065286
0 0.471022 0.763520 0.015895 0.032933
0 0.482303 0.719132 0.012117 0.021535
0 0.448120 0.906301 0.032014 0.186888
0 0.521610 0.778655 0.012565 0.025170
0 0.452562 0.720120 0.029533 0.081185
0 0.521386 0.731826 0.012284 0.021966
0 0.568657 0.606077 0.010080 0.013970
0 0.547950 0.587917 0.015596 0.030365
0 0.417371 0.769567 0.017024 0.042643
0 0.514656 0.631945 0.010281 0.014679
0 0.502617 0.652099 0.013250 0.022034
0 0.468883 0.675522 0.011842 0.021095
0 0.605039 0.951006 0.074565 0.097988
0 0.610156 0.902778 0.035937 0.102778
0 0.497266 0.598611 0.016406 0.027778