0 0.406672 0.909728 0.022405 0.052707
0 0.470941 0.850898 0.015268 0.033290
0 0.560713 0.858374 0.017894 0.029421
0 0.448482 0.921703 0.033098 0.156594
0 0.530798 0.698408 0.009937 0.017263
0 0.415135 0.805869 0.017444 0.043896
0 0.547852 0.653576 0.025752 0.052694
0 0.488866 0.703342 0.012076 0.021851
0 0.521394 0.794740 0.012102 0.024746
0 0.547527 0.776149 0.012448 0.022815
0 0.470988 0.793875 0.016143 0.033208
0 0.555100 0.686373 0.020885 0.063422
0 0.569994 0.628475 0.010015 0.013159
0 0.481640 0.747333 0.012147 0.023443
0 0.467670 0.702295 0.012176 0.023084
0 0.501409 0.677623 0.013292 0.022234
0 0.521918 0.750302 0.011254 0.021539
0 0.598797 0.952901 0.071364 0.094198
0 0.513305 0.656986 0.009972 0.015144
0 0.492969 0.630556 0.017188 0.027778
0 0.602734 0.898611 0.030469 0.069444
0 0.585938 0.616667 0.012500 0.016667