0 0.406111 0.952303 0.023178 0.055388
0 0.471313 0.883898 0.015744 0.033505
0 0.557979 0.869159 0.016632 0.028119
0 0.413131 0.843094 0.017395 0.045222
0 0.448984 0.941295 0.034433 0.117410
0 0.449867 0.790083 0.031560 0.111297
0 0.470767 0.823856 0.015900 0.035231
0 0.531566 0.718451 0.010375 0.016806
0 0.521382 0.811187 0.011628 0.024142
0 0.556604 0.704383 0.021099 0.061254
0 0.487846 0.729681 0.012021 0.022152
0 0.546794 0.791424 0.011937 0.021365
0 0.571991 0.649745 0.010235 0.013863
0 0.549136 0.674802 0.024123 0.051899
0 0.591685 0.956790 0.065679 0.086421
0 0.499045 0.643663 0.034635 0.049930
0 0.480702 0.775667 0.012842 0.021993
0 0.522804 0.767576 0.011620 0.021716
0 0.500501 0.702744 0.013289 0.022529
0 0.567725 0.604691 0.011532 0.011236
0 0.529687 0.659028 0.007812 0.015278
0 0.516016 0.681944 0.007031 0.013889