0 0.471695 0.916031 0.016301 0.034603
0 0.405589 0.983495 0.023333 0.033011
0 0.448219 0.818362 0.032785 0.113422
0 0.573320 0.670248 0.010158 0.013907
0 0.555947 0.879995 0.015542 0.027991
0 0.532416 0.737934 0.010173 0.018054
0 0.479799 0.802745 0.012337 0.023030
0 0.470327 0.853008 0.015678 0.035675
0 0.486450 0.755825 0.011983 0.023139
0 0.521248 0.826723 0.011926 0.024527
0 0.564933 0.627530 0.011563 0.011615
0 0.546487 0.805700 0.011588 0.021772
0 0.588163 0.659231 0.010511 0.010868
0 0.527167 0.684881 0.010799 0.015712
0 0.523246 0.785888 0.011411 0.019922
0 0.510996 0.706255 0.009987 0.016552
0 0.499452 0.727050 0.013160 0.023293
0 0.550739 0.695054 0.025412 0.052307
0 0.558128 0.722204 0.021496 0.061073
0 0.411334 0.879491 0.017466 0.047948
0 0.518107 0.674509 0.010625 0.015400
0 0.463642 0.755322 0.013793 0.022828
0 0.549219 0.661111 0.018750 0.025000
0 0.589453 0.621528 0.017969 0.020833