0 0.472377 0.948088 0.016934 0.035831
0 0.447699 0.844843 0.033542 0.116888
0 0.479258 0.829484 0.012772 0.023012
0 0.470519 0.882568 0.016331 0.037353
0 0.533539 0.756386 0.010856 0.017528
0 0.575142 0.690469 0.010447 0.013701
0 0.485420 0.780959 0.012029 0.024063
0 0.462757 0.779254 0.013262 0.024949
0 0.493786 0.691518 0.035418 0.051866
0 0.546574 0.819861 0.011282 0.020747
0 0.517082 0.696696 0.011177 0.016476
0 0.410127 0.916695 0.018525 0.050714
0 0.521415 0.842284 0.011663 0.023342
0 0.554337 0.890617 0.015508 0.027941
0 0.598746 0.936797 0.053307 0.126406
0 0.526079 0.707800 0.010790 0.015614
0 0.551198 0.714277 0.023681 0.052071
0 0.562642 0.649937 0.011335 0.010680
0 0.498503 0.750727 0.013625 0.024023
0 0.509979 0.730314 0.010590 0.016097
0 0.524083 0.801902 0.011829 0.020632
0 0.523966 0.678196 0.011033 0.012410
0 0.551758 0.676598 0.032895 0.040938
0 0.560258 0.739009 0.022313 0.058796
0 0.590404 0.677529 0.010057 0.013419
0 0.587109 0.645139 0.014844 0.026389