0 0.473364 0.980464 0.017011 0.037604
0 0.470518 0.910717 0.016142 0.037956
0 0.553694 0.901628 0.016015 0.024991
0 0.478217 0.855940 0.012671 0.022688
0 0.553542 0.732883 0.025194 0.049812
0 0.484283 0.805367 0.012277 0.024292
0 0.446859 0.871153 0.033462 0.120422
0 0.593673 0.939955 0.048997 0.120091
0 0.409247 0.952805 0.019069 0.052675
0 0.546865 0.833097 0.011504 0.020423
0 0.524748 0.818339 0.011267 0.019700
0 0.534312 0.774455 0.010667 0.016981
0 0.521749 0.856458 0.011424 0.022540
0 0.550797 0.697094 0.032720 0.042759
0 0.525192 0.729873 0.011084 0.015476
0 0.576826 0.708880 0.009738 0.012965
0 0.592067 0.697285 0.009836 0.012752
0 0.490785 0.714602 0.034612 0.053564
0 0.497407 0.773543 0.013555 0.024208
0 0.574740 0.967986 0.051819 0.064028
0 0.561898 0.754252 0.022139 0.058418
0 0.515531 0.719293 0.011352 0.015814