0 0.470684 0.939491 0.016788 0.039294
0 0.477603 0.882582 0.013155 0.023090
0 0.552787 0.913049 0.016215 0.024628
0 0.408184 0.981496 0.019283 0.037007
0 0.589497 0.943580 0.044495 0.112841
0 0.535495 0.792547 0.010677 0.016628
0 0.546996 0.846762 0.010836 0.019624
0 0.483122 0.829879 0.012594 0.024449
0 0.549690 0.716892 0.032474 0.046395
0 0.488176 0.737665 0.035418 0.054470
0 0.563672 0.771258 0.022594 0.055556
0 0.524136 0.751451 0.010812 0.015346
0 0.578699 0.727956 0.010241 0.013559
0 0.522280 0.870803 0.011947 0.022728
0 0.525607 0.833849 0.010972 0.020382
0 0.594077 0.715785 0.009988 0.012706
0 0.446932 0.896817 0.033254 0.124206
0 0.513954 0.740992 0.011057 0.016318
0 0.507618 0.775178 0.010049 0.016126
0 0.518842 0.722332 0.010641 0.013589
0 0.496283 0.796391 0.013703 0.024727
0 0.554991 0.750662 0.025489 0.050739
0 0.568850 0.971300 0.049592 0.057399