0 0.470640 0.969214 0.017137 0.041301
0 0.476942 0.909159 0.013286 0.024275
0 0.481885 0.854715 0.012073 0.024997
0 0.485592 0.761537 0.035268 0.054537
0 0.536584 0.810248 0.010916 0.016297
0 0.586105 0.947778 0.040359 0.104443
0 0.547412 0.860533 0.010737 0.019189
0 0.522492 0.885620 0.011367 0.021835
0 0.512598 0.762825 0.011057 0.015973
0 0.526372 0.850582 0.011473 0.020026
0 0.565701 0.786953 0.023570 0.055085
0 0.523020 0.773595 0.010743 0.015608
0 0.580405 0.747161 0.009953 0.012054
0 0.550727 0.925079 0.013442 0.023973
0 0.495133 0.819561 0.013621 0.024314
0 0.595625 0.735212 0.010085 0.012100
0 0.549349 0.738181 0.032827 0.047572
0 0.516350 0.745492 0.010824 0.012965
0 0.506550 0.797634 0.010310 0.016740
0 0.458843 0.855513 0.012917 0.024444
0 0.555802 0.768068 0.024107 0.051054