0 0.476274 0.936655 0.013394 0.024818
0 0.470239 0.989057 0.015379 0.021887
0 0.537410 0.828226 0.010666 0.016995
0 0.480862 0.880034 0.012806 0.025360
0 0.567790 0.804103 0.023605 0.053437
0 0.527158 0.867425 0.011833 0.019389
0 0.548398 0.874908 0.010927 0.018690
0 0.482641 0.784788 0.035047 0.056390
0 0.457429 0.879650 0.013307 0.024581
0 0.513274 0.768316 0.010649 0.013239
0 0.493987 0.842820 0.014158 0.024758
0 0.548418 0.759269 0.032901 0.048119
0 0.446136 0.943202 0.032142 0.113595
0 0.522851 0.900560 0.011425 0.022011
0 0.505099 0.820297 0.010179 0.016454
0 0.558087 0.787506 0.024214 0.050131
0 0.582154 0.765719 0.010412 0.012524
0 0.521891 0.795848 0.011573 0.016053
0 0.511345 0.785339 0.011754 0.015728
0 0.551172 0.934028 0.011719 0.029167
0 0.582422 0.729167 0.013281 0.027778