0 0.475601 0.963904 0.013544 0.026284
0 0.445379 0.956549 0.030343 0.086903
0 0.479526 0.905214 0.012413 0.026013
0 0.480036 0.808072 0.035836 0.058008
0 0.538601 0.846489 0.010196 0.016194
0 0.569266 0.820642 0.024221 0.051630
0 0.528164 0.883893 0.010932 0.019065
0 0.549124 0.888811 0.010658 0.018466
0 0.492621 0.866283 0.013875 0.024701
0 0.556001 0.986099 0.036217 0.027801
0 0.455833 0.904525 0.013636 0.023823
0 0.549515 0.949980 0.012481 0.022585
0 0.520490 0.817420 0.010797 0.016518
0 0.504089 0.843246 0.010665 0.015859
0 0.583743 0.784495 0.010169 0.012871
0 0.547476 0.780169 0.032627 0.048768
0 0.559440 0.804802 0.024381 0.049024
0 0.510750 0.790860 0.011518 0.013208
0 0.523558 0.915473 0.011213 0.022890