0 0.475066 0.989377 0.014041 0.021246
0 0.478760 0.931099 0.012644 0.026025
0 0.444727 0.969614 0.030565 0.060772
0 0.476984 0.831803 0.035492 0.059705
0 0.571924 0.837822 0.024085 0.051685
0 0.539815 0.864392 0.010335 0.016163
0 0.454844 0.929668 0.013680 0.025301
0 0.491488 0.889959 0.013589 0.025399
0 0.585847 0.803212 0.010057 0.013080
0 0.550287 0.903842 0.010649 0.018276
0 0.508035 0.814868 0.010923 0.011526
0 0.578441 0.962984 0.031094 0.074033
0 0.524119 0.931214 0.011154 0.021462
0 0.519106 0.839986 0.011711 0.016704
0 0.529195 0.900350 0.011068 0.019814
0 0.547301 0.801427 0.033921 0.049693
0 0.502980 0.866037 0.010492 0.016177
0 0.555359 0.991385 0.023936 0.017230
0 0.549293 0.962839 0.012236 0.022779