0 0.477623 0.957408 0.012962 0.027006
0 0.453467 0.956915 0.013481 0.026734
0 0.541014 0.882682 0.010013 0.016154
0 0.474566 0.856046 0.036403 0.061882
0 0.551678 0.918645 0.010522 0.018023
0 0.518168 0.862724 0.011583 0.016708
0 0.530512 0.918221 0.011212 0.018172
0 0.490445 0.914183 0.014459 0.026152
0 0.591187 0.785109 0.039546 0.037043
0 0.574015 0.855004 0.023907 0.049319
0 0.524880 0.947037 0.010792 0.022183
0 0.546417 0.823499 0.034256 0.048204
0 0.501854 0.889459 0.010234 0.016700
0 0.576627 0.968343 0.028784 0.063315