0 0.452282 0.982923 0.014140 0.028409
0 0.476574 0.984121 0.012973 0.027739
0 0.471462 0.880605 0.035746 0.062382
0 0.553115 0.934009 0.010308 0.017131
0 0.502739 0.860334 0.010633 0.012275
0 0.542355 0.901580 0.010464 0.016005
0 0.531474 0.935471 0.011184 0.019347
0 0.540151 0.827128 0.012878 0.013309
0 0.488930 0.938258 0.014282 0.027580
0 0.575285 0.974545 0.026520 0.050911
0 0.516483 0.885366 0.011173 0.017098
0 0.500701 0.912700 0.010274 0.016943
0 0.525533 0.964032 0.010987 0.020580
0 0.576096 0.872561 0.023935 0.050309