0 0.468694 0.904787 0.035917 0.063159
0 0.543724 0.919364 0.009981 0.015756
0 0.526139 0.980351 0.010833 0.021305
0 0.487443 0.963473 0.013874 0.027390
0 0.532539 0.953627 0.010947 0.017824
0 0.578520 0.890016 0.024220 0.048911
0 0.499807 0.935238 0.010848 0.018694
0 0.591365 0.861318 0.009667 0.012595
0 0.554522 0.946844 0.011001 0.023164
0 0.537198 0.849824 0.012574 0.014625
0 0.588052 0.827875 0.036644 0.038378
0 0.499924 0.883509 0.011397 0.012625
0 0.514891 0.908469 0.011967 0.016794
0 0.567201 0.879994 0.026240 0.047583