0 0.555428 0.415360 0.008020 0.007452
0 0.969485 0.448321 0.009633 0.008945
0 0.264539 0.747370 0.011742 0.010715
0 0.359969 0.417564 0.008374 0.007429
0 0.182599 0.452377 0.009127 0.008302
0 0.597206 0.420196 0.008574 0.008167
0 0.111460 0.449617 0.008784 0.007246
0 0.011965 0.794828 0.011840 0.016183
0 0.223066 0.704301 0.007354 0.012823
0 0.619588 0.716218 0.011461 0.013687
0 0.976581 0.429203 0.009613 0.007791
0 0.531595 0.442992 0.008551 0.009281
0 0.838368 0.417886 0.007971 0.008188
0 0.573534 0.676096 0.007713 0.012050
0 0.933807 0.423315 0.009007 0.008223
0 0.600299 0.443172 0.011676 0.010154
0 0.452519 0.293082 0.004074 0.009038
0 0.971744 0.605903 0.006381 0.013508
0 0.405505 0.682851 0.008603 0.015359
0 0.502734 0.734722 0.007031 0.016667
0 0.214453 0.647917 0.005469 0.020833
0 0.217188 0.617361 0.006250 0.012500
0 0.230859 0.573611 0.005469 0.008333
0 0.247656 0.543750 0.004687 0.012500
0 0.256250 0.535417 0.007812 0.009722
0 0.658594 0.719444 0.010937 0.013889
0 0.496094 0.443750 0.006250 0.009722
0 0.447656 0.389583 0.006250 0.012500
0 0.514453 0.400000 0.005469 0.013889
0 0.928906 0.450694 0.010937 0.012500
0 0.489063 0.072222 0.009375 0.022222
0 0.541406 0.612500 0.007812 0.011111