0 0.542529 0.415159 0.007636 0.007125
0 0.613386 0.713668 0.011260 0.014500
0 0.347440 0.417930 0.008546 0.007335
0 0.983123 0.448400 0.009537 0.008176
0 0.544064 0.442938 0.009634 0.009450
0 0.125933 0.449203 0.008944 0.007870
0 0.260931 0.745100 0.009515 0.012283
0 0.447215 0.393715 0.005744 0.011519
0 0.011721 0.794686 0.011734 0.016608
0 0.582572 0.421365 0.008627 0.006925
0 0.194616 0.452045 0.010091 0.008155
0 0.650866 0.720538 0.011679 0.013756
0 0.921033 0.422878 0.008765 0.008136
0 0.452719 0.298520 0.004794 0.011940
0 0.963255 0.428688 0.009359 0.007940
0 0.939311 0.451090 0.012817 0.011485
0 0.415499 0.415922 0.007656 0.007481
0 0.502734 0.709722 0.008594 0.016667
0 0.221484 0.700694 0.010156 0.012500
0 0.214062 0.638194 0.007812 0.015278
0 0.218750 0.613889 0.006250 0.013889
0 0.232813 0.569444 0.007812 0.013889
0 0.250391 0.540972 0.007031 0.018056
0 0.495312 0.428472 0.007812 0.012500
0 0.487109 0.063889 0.008594 0.027778
0 0.614844 0.441667 0.012500 0.013889
0 0.988672 0.418750 0.016406 0.020833