0 0.334664 0.418229 0.009000 0.007716
0 0.626235 0.444323 0.011686 0.009356
0 0.556347 0.443024 0.009041 0.007606
0 0.529313 0.415382 0.006807 0.007582
0 0.950572 0.427617 0.010096 0.008148
0 0.206703 0.451834 0.009430 0.007608
0 0.908378 0.421978 0.008880 0.007848
0 0.996031 0.448142 0.007859 0.009556
0 0.446803 0.397797 0.006292 0.015224
0 0.011667 0.794666 0.011986 0.016973
0 0.564076 0.663392 0.007921 0.012712
0 0.451760 0.306886 0.004705 0.008245
0 0.396903 0.697186 0.009646 0.015201
0 0.257563 0.741713 0.008436 0.011901
0 0.644707 0.719510 0.012031 0.012547
0 0.140871 0.448421 0.008648 0.007540
0 0.261133 0.529853 0.007763 0.011527
0 0.971464 0.606252 0.006912 0.013146
0 0.496484 0.411806 0.007031 0.015278
0 0.501172 0.679167 0.007031 0.022222
0 0.489063 0.063194 0.009375 0.020833
0 0.982031 0.421528 0.023438 0.023611