0 0.155503 0.448097 0.008633 0.007670
0 0.569158 0.442976 0.008603 0.007854
0 0.962603 0.451060 0.012029 0.011045
0 0.321824 0.418445 0.008686 0.006956
0 0.639416 0.444427 0.010993 0.009821
0 0.638443 0.718497 0.011930 0.012728
0 0.937326 0.427468 0.009628 0.007692
0 0.218706 0.451311 0.009639 0.008169
0 0.601594 0.706857 0.011168 0.014246
0 0.011538 0.794989 0.011799 0.016889
0 0.389165 0.416992 0.008324 0.007452
0 0.971519 0.606176 0.007102 0.013395
0 0.553032 0.420823 0.008660 0.007061
0 0.392868 0.704253 0.009840 0.013941
0 0.559375 0.654861 0.010937 0.018056
0 0.534766 0.586806 0.008594 0.018056
0 0.973828 0.421528 0.024219 0.023611
0 0.488281 0.057639 0.009375 0.018056
0 0.473047 0.047222 0.010156 0.016667
0 0.212891 0.632639 0.008594 0.015278
0 0.219141 0.688194 0.010156 0.020833
0 0.253906 0.738889 0.014063 0.013889
0 0.257812 0.534722 0.007812 0.016667
0 0.237891 0.559028 0.007031 0.009722