0 0.974244 0.451156 0.012580 0.011277
0 0.924456 0.426641 0.009257 0.008436
0 0.308863 0.418770 0.008787 0.007083
0 0.651973 0.443946 0.010689 0.008299
0 0.170113 0.447349 0.008588 0.007671
0 0.230330 0.451038 0.010024 0.008432
0 0.632103 0.718516 0.011291 0.011251
0 0.249292 0.736623 0.010129 0.012358
0 0.581593 0.442569 0.008846 0.007346
0 0.595368 0.703033 0.010349 0.014725
0 0.011447 0.794970 0.012234 0.017305
0 0.375874 0.417658 0.008229 0.007594
0 0.509766 0.975000 0.013281 0.038889
0 0.501953 0.637500 0.010156 0.019444
0 0.487500 0.051389 0.009375 0.022222
0 0.966797 0.420139 0.028906 0.020833
0 0.261328 0.529167 0.010156 0.011111
0 0.216406 0.684028 0.012500 0.015278
0 0.215234 0.630556 0.008594 0.016667