0 0.985967 0.451154 0.012207 0.011478
0 0.242509 0.450615 0.008032 0.007268
0 0.664961 0.443747 0.011655 0.008156
0 0.589598 0.697625 0.010462 0.016648
0 0.957636 0.419477 0.034071 0.023534
0 0.910854 0.426859 0.009251 0.008179
0 0.507986 0.960652 0.011082 0.035135
0 0.362721 0.417378 0.008019 0.007832
0 0.011108 0.795309 0.011657 0.016245
0 0.295599 0.419130 0.008847 0.007278
0 0.593598 0.442615 0.010233 0.007030
0 0.245530 0.734047 0.009418 0.012713
0 0.625745 0.715678 0.011710 0.012248
0 0.185189 0.446875 0.008448 0.007826
0 0.773785 0.416424 0.008266 0.007429
0 0.500781 0.609722 0.007812 0.013889
0 0.264453 0.524306 0.013281 0.012500
0 0.241406 0.552083 0.009375 0.009722
0 0.487109 0.047222 0.008594 0.019444
0 0.870313 0.418750 0.012500 0.012500
0 0.446094 0.419444 0.006250 0.013889