0 0.254436 0.450291 0.008907 0.007660
0 0.677605 0.443618 0.010187 0.008376
0 0.532240 0.443921 0.010418 0.009566
0 0.995563 0.451452 0.008828 0.014968
0 0.507168 0.934205 0.011088 0.035223
0 0.971148 0.605268 0.007186 0.014714
0 0.607692 0.442508 0.008763 0.007525
0 0.584221 0.691951 0.010125 0.016307
0 0.011358 0.795042 0.011750 0.017248
0 0.897197 0.425501 0.009385 0.007328
0 0.619484 0.712925 0.011400 0.014018
0 0.214844 0.674306 0.007812 0.020833
0 0.215625 0.614583 0.007812 0.012500
0 0.246094 0.548611 0.007812 0.016667
0 0.950781 0.413194 0.026562 0.026389
0 0.486328 0.043056 0.007031 0.016667
0 0.499219 0.588889 0.009375 0.019444
0 0.283594 0.418056 0.010937 0.016667
0 0.351172 0.415278 0.008594 0.011111
0 0.761328 0.415278 0.010156 0.011111