0 0.690182 0.443815 0.011134 0.008322
0 0.545364 0.443638 0.011696 0.009464
0 0.266937 0.449244 0.009247 0.007418
0 0.613539 0.709386 0.011607 0.014298
0 0.620076 0.441982 0.009086 0.007726
0 0.373539 0.725278 0.011310 0.013664
0 0.506531 0.910088 0.011140 0.033128
0 0.336079 0.418071 0.008046 0.007936
0 0.971177 0.605220 0.007125 0.014147
0 0.446829 0.070813 0.004560 0.013761
0 0.748828 0.415278 0.010156 0.013889
0 0.845703 0.416667 0.011719 0.011111
0 0.883984 0.424306 0.011719 0.009722
0 0.941406 0.416667 0.029687 0.022222
0 0.487109 0.036111 0.007031 0.022222
0 0.498828 0.563889 0.010156 0.016667
0 0.214844 0.666667 0.014063 0.016667