0 0.558883 0.443402 0.010733 0.010024
0 0.703334 0.443904 0.010957 0.008484
0 0.322855 0.418202 0.007888 0.008011
0 0.278565 0.449314 0.008715 0.007050
0 0.446012 0.436138 0.005974 0.013047
0 0.367362 0.729799 0.009686 0.013325
0 0.499720 0.979921 0.006946 0.022054
0 0.228809 0.443969 0.008608 0.007813
0 0.235685 0.722869 0.008881 0.012388
0 0.632652 0.442174 0.008653 0.008117
0 0.573985 0.680557 0.009438 0.016153
0 0.832789 0.417270 0.009235 0.008599
0 0.606942 0.707337 0.010752 0.013665
0 0.970792 0.605152 0.007182 0.013449
0 0.497402 0.546862 0.005879 0.013353
0 0.930305 0.419358 0.033274 0.023724
0 0.735462 0.415558 0.007946 0.007787
0 0.446887 0.070475 0.004572 0.013850
0 0.507422 0.879861 0.013281 0.037500
0 0.485156 0.033333 0.007812 0.022222
0 0.211719 0.664583 0.009375 0.012500
0 0.272656 0.516667 0.009375 0.008333