0 0.572502 0.443599 0.011882 0.009618
0 0.715890 0.444030 0.011202 0.008687
0 0.243218 0.443113 0.008586 0.008586
0 0.309593 0.418708 0.008509 0.007762
0 0.290584 0.448995 0.009143 0.007473
0 0.645356 0.442871 0.008870 0.007462
0 0.361847 0.733807 0.010184 0.013993
0 0.498146 0.936040 0.007374 0.020618
0 0.600998 0.703485 0.010373 0.014095
0 0.568665 0.675065 0.009238 0.016006
0 0.243683 0.421242 0.009030 0.007212
0 0.970522 0.605132 0.007129 0.013675
0 0.010893 0.795266 0.012478 0.017023
0 0.504619 0.863085 0.011137 0.032630
0 0.921094 0.411806 0.031250 0.023611
0 0.857422 0.422917 0.011719 0.009722
0 0.820703 0.416667 0.011719 0.011111
0 0.485938 0.031944 0.010937 0.019444
0 0.446094 0.441667 0.004687 0.013889
0 0.448828 0.354167 0.007031 0.011111