0 0.230170 0.714454 0.009142 0.013282
0 0.356063 0.737514 0.010922 0.013043
0 0.585934 0.443758 0.011087 0.009519
0 0.302887 0.448260 0.008914 0.008102
0 0.658124 0.443045 0.008473 0.007836
0 0.728698 0.444213 0.011083 0.008036
0 0.595247 0.699134 0.010582 0.014072
0 0.257612 0.442957 0.009199 0.008591
0 0.564152 0.668807 0.009617 0.016081
0 0.912319 0.418857 0.033121 0.023757
0 0.230502 0.422425 0.008335 0.007227
0 0.807460 0.417566 0.009093 0.008047
0 0.970452 0.604961 0.007212 0.013853
0 0.497173 0.893709 0.006532 0.019375
0 0.010906 0.795163 0.012497 0.017311
0 0.844531 0.424306 0.010937 0.012500
0 0.210938 0.651389 0.009375 0.016667
0 0.506641 0.836806 0.013281 0.034722
0 0.485156 0.027778 0.010937 0.019444
0 0.468750 0.270833 0.007812 0.011111
0 0.325391 0.426389 0.008594 0.016667
0 0.710938 0.415972 0.012500 0.009722