0 0.350464 0.740932 0.010531 0.012518
0 0.314095 0.447860 0.009510 0.008021
0 0.741575 0.444076 0.010839 0.009172
0 0.670776 0.443159 0.008318 0.007581
0 0.217108 0.422959 0.008807 0.007828
0 0.829660 0.423240 0.009290 0.007762
0 0.589597 0.694852 0.009989 0.013871
0 0.970235 0.605282 0.007083 0.014046
0 0.795008 0.417473 0.009080 0.008406
0 0.502433 0.817910 0.008715 0.029978
0 0.446227 0.070684 0.004330 0.014586
0 0.227438 0.710390 0.008901 0.012784
0 0.903439 0.418339 0.033143 0.024593
0 0.010077 0.796251 0.011373 0.015545
0 0.559747 0.661929 0.008720 0.015546
0 0.496117 0.853753 0.006687 0.018045
0 0.412280 0.416172 0.007005 0.007115
0 0.484375 0.021528 0.009375 0.023611
0 0.210938 0.647917 0.007812 0.012500
0 0.221484 0.590278 0.005469 0.008333
0 0.233594 0.565278 0.006250 0.011111
0 0.600781 0.443056 0.009375 0.016667
0 0.283594 0.419444 0.007812 0.011111