0 0.326088 0.447743 0.008581 0.007397
0 0.754257 0.444892 0.010827 0.008361
0 0.495720 0.814733 0.006817 0.018143
0 0.683847 0.443651 0.009254 0.008732
0 0.343947 0.743399 0.010767 0.011640
0 0.204274 0.423714 0.008787 0.007764
0 0.894139 0.417477 0.032746 0.019884
0 0.399342 0.417758 0.007323 0.006720
0 0.446869 0.462959 0.005888 0.013504
0 0.612783 0.443379 0.011705 0.010180
0 0.584288 0.689541 0.009860 0.014804
0 0.816343 0.423561 0.008848 0.007784
0 0.010066 0.795913 0.011932 0.016705
0 0.970130 0.605282 0.006782 0.013468
0 0.782422 0.413889 0.010156 0.013889
0 0.484766 0.019444 0.008594 0.013889
0 0.504687 0.789583 0.010937 0.031944
0 0.557422 0.653472 0.005469 0.020833
0 0.210156 0.642361 0.006250 0.012500
0 0.223047 0.584028 0.007031 0.012500
0 0.235547 0.559722 0.005469 0.011111
0 0.262891 0.528472 0.005469 0.009722
0 0.225391 0.706944 0.010156 0.011111