0 0.767052 0.444874 0.010843 0.008823
0 0.301042 0.441522 0.008397 0.007880
0 0.695891 0.443797 0.008592 0.008046
0 0.769678 0.415854 0.009025 0.008365
0 0.337754 0.447503 0.009401 0.007846
0 0.626594 0.443957 0.011642 0.009021
0 0.256045 0.421044 0.008538 0.007730
0 0.497659 0.777473 0.011002 0.021339
0 0.002186 0.490406 0.004347 0.015089
0 0.009855 0.796637 0.011746 0.015621
0 0.406326 0.423281 0.011012 0.009401
0 0.978523 0.427857 0.009299 0.009647
0 0.386300 0.417666 0.007112 0.006911
0 0.803403 0.422742 0.010889 0.009057
0 0.338311 0.746611 0.010875 0.013143
0 0.552050 0.648596 0.009027 0.016603
0 0.279864 0.427723 0.009137 0.008228
0 0.504279 0.774435 0.007400 0.024450
0 0.969735 0.605661 0.007218 0.013582
0 0.671058 0.414455 0.007919 0.006865
0 0.447417 0.463905 0.006553 0.026361
0 0.210938 0.636806 0.007812 0.015278
0 0.224219 0.702083 0.006250 0.012500
0 0.485156 0.015278 0.007812 0.011111
0 0.886328 0.414583 0.027344 0.020833
0 0.448047 0.352778 0.007031 0.011111
0 0.468750 0.311111 0.007812 0.011111
0 0.494922 0.454167 0.007031 0.011111