0 0.779956 0.445039 0.010165 0.008294
0 0.709014 0.444044 0.009329 0.007611
0 0.349782 0.447500 0.009143 0.007368
0 0.242212 0.421474 0.008395 0.008121
0 0.315880 0.441156 0.008805 0.007440
0 0.639920 0.443993 0.011152 0.009500
0 0.391091 0.423151 0.009333 0.007425
0 0.494990 0.742340 0.006562 0.015335
0 0.331837 0.749185 0.010260 0.011319
0 0.502077 0.754390 0.009038 0.026989
0 0.264858 0.427765 0.008108 0.006826
0 0.574127 0.679273 0.010348 0.014235
0 0.963447 0.428077 0.009246 0.008252
0 0.969700 0.605490 0.007401 0.013292
0 0.009750 0.796480 0.011198 0.015677
0 0.177440 0.425398 0.008838 0.007448
0 0.549609 0.636111 0.008594 0.013889
0 0.209766 0.632639 0.005469 0.015278
0 0.875781 0.415278 0.026562 0.019444
0 0.494531 0.437500 0.006250 0.011111
0 0.373828 0.417361 0.008594 0.009722
0 0.757812 0.417361 0.009375 0.009722
0 0.789844 0.420139 0.009375 0.009722
0 0.980078 0.422222 0.010156 0.011111
0 0.471094 0.141667 0.006250 0.011111