0 0.792766 0.445029 0.010405 0.008950
0 0.493308 0.708313 0.005833 0.014616
0 0.500608 0.736482 0.009653 0.027603
0 0.361912 0.447113 0.009341 0.007332
0 0.229060 0.422724 0.008243 0.007558
0 0.721491 0.444479 0.009031 0.007171
0 0.948681 0.427258 0.009563 0.008362
0 0.330036 0.440796 0.008333 0.007081
0 0.040654 0.461460 0.021233 0.011411
0 0.325577 0.751089 0.010132 0.010102
0 0.653848 0.443586 0.011392 0.010241
0 0.969795 0.605261 0.007439 0.013747
0 0.447552 0.482845 0.006630 0.019065
0 0.744888 0.416504 0.008989 0.008056
0 0.967952 0.423643 0.009450 0.008008
0 0.250099 0.428535 0.008382 0.007835
0 0.569135 0.672543 0.009956 0.014993
0 0.009668 0.796806 0.011020 0.015640
0 0.646223 0.414625 0.008453 0.006772
0 0.360082 0.418388 0.007538 0.007042
0 0.868359 0.414583 0.030469 0.018056
0 0.776172 0.422222 0.010156 0.008333
0 0.164453 0.427778 0.007031 0.008333
0 0.015625 0.487500 0.018750 0.011111
0 0.209375 0.622917 0.006250 0.009722
0 0.218750 0.691667 0.009375 0.016667
0 0.229297 0.571528 0.007031 0.009722
0 0.245312 0.547917 0.007812 0.009722
0 0.445703 0.400694 0.005469 0.009722
0 0.468750 0.338194 0.007812 0.015278
0 0.545703 0.629861 0.010156 0.018056