0 0.805532 0.445415 0.010915 0.008942
0 0.344719 0.440438 0.008684 0.007584
0 0.667079 0.443819 0.010935 0.008716
0 0.734358 0.444403 0.008323 0.007612
0 0.564790 0.666060 0.009423 0.014770
0 0.446935 0.493544 0.005901 0.012507
0 0.542971 0.624882 0.009213 0.015968
0 0.858554 0.416696 0.033223 0.020430
0 0.934035 0.426748 0.008489 0.008224
0 0.482210 0.005419 0.007196 0.010838
0 0.276561 0.516355 0.008866 0.010379
0 0.732532 0.414884 0.008287 0.007324
0 0.215725 0.422606 0.008065 0.007872
0 0.969544 0.605561 0.007253 0.013749
0 0.373744 0.446941 0.009078 0.007406
0 0.347022 0.417952 0.007448 0.007515
0 0.361368 0.424569 0.008845 0.008153
0 0.498982 0.717656 0.007530 0.024999
0 0.009708 0.796931 0.011118 0.016115
0 0.217283 0.687140 0.007642 0.013391
0 0.958239 0.382351 0.008998 0.008046
0 0.493473 0.675484 0.006592 0.015827
0 0.955906 0.423660 0.009546 0.008073
0 0.212500 0.620139 0.007812 0.012500
0 0.232422 0.569444 0.008594 0.008333
0 0.020313 0.486806 0.023438 0.018056
0 0.633594 0.413889 0.007812 0.008333
0 0.446484 0.373611 0.005469 0.008333
0 0.469141 0.354167 0.007031 0.011111
0 0.151562 0.426389 0.017188 0.016667