0 0.818085 0.445383 0.011090 0.009308
0 0.680531 0.444204 0.010962 0.008867
0 0.918693 0.426085 0.008998 0.008141
0 0.492721 0.643945 0.006515 0.014715
0 0.619875 0.414660 0.008141 0.007396
0 0.747236 0.444248 0.008480 0.007987
0 0.062084 0.460627 0.021055 0.011295
0 0.943017 0.422682 0.009020 0.008098
0 0.969849 0.604908 0.007341 0.013622
0 0.385472 0.446305 0.009492 0.007741
0 0.279911 0.514073 0.008292 0.010216
0 0.009669 0.796770 0.011052 0.015760
0 0.851562 0.409028 0.035937 0.026389
0 0.500000 0.693056 0.014063 0.027778
0 0.444922 0.418056 0.007031 0.013889
0 0.447266 0.379167 0.005469 0.013889
0 0.469141 0.368750 0.005469 0.015278
0 0.493750 0.388194 0.006250 0.015278
0 0.212891 0.615972 0.008594 0.012500
0 0.216406 0.682639 0.007812 0.015278
0 0.137891 0.425694 0.007031 0.012500
0 0.026172 0.486111 0.027344 0.019444
0 0.201563 0.423611 0.010937 0.011111
0 0.219141 0.429167 0.008594 0.011111
0 0.334375 0.416667 0.009375 0.011111
0 0.357812 0.438889 0.012500 0.013889
0 0.721484 0.415278 0.013281 0.011111
0 0.748047 0.420139 0.008594 0.012500
0 0.473828 0.220139 0.010156 0.015278
0 0.465625 0.252083 0.007812 0.018056
0 0.473438 0.172917 0.006250 0.012500