0 0.693665 0.444131 0.010677 0.008310
0 0.904494 0.426680 0.009454 0.008120
0 0.830760 0.445634 0.011782 0.008963
0 0.759544 0.444838 0.008544 0.007438
0 0.397546 0.446020 0.010218 0.007975
0 0.072823 0.459944 0.020753 0.010917
0 0.373046 0.439729 0.007983 0.007397
0 0.930529 0.422805 0.008706 0.008306
0 0.009474 0.796557 0.011191 0.015960
0 0.447712 0.507312 0.005762 0.017675
0 0.707531 0.414291 0.008381 0.007199
0 0.733612 0.421524 0.008526 0.007787
0 0.320731 0.418710 0.007732 0.006836
0 0.331797 0.425082 0.009098 0.007521
0 0.969785 0.604738 0.007289 0.013874
0 0.035156 0.488194 0.028125 0.018056
0 0.501563 0.674306 0.007812 0.026389
0 0.492188 0.612500 0.007812 0.013889
0 0.842969 0.413889 0.026562 0.016667
0 0.214062 0.606250 0.009375 0.015278
0 0.215234 0.676389 0.007031 0.008333
0 0.539453 0.609722 0.008594 0.013889
0 0.557813 0.647917 0.010937 0.018056