0 0.843487 0.445575 0.010976 0.009369
0 0.772194 0.445011 0.008610 0.007296
0 0.467322 0.400587 0.005626 0.013795
0 0.386971 0.439145 0.007801 0.008218
0 0.706876 0.444084 0.010577 0.008598
0 0.408947 0.446228 0.009161 0.007716
0 0.317027 0.425612 0.008059 0.006763
0 0.889165 0.426700 0.008786 0.007792
0 0.594490 0.414473 0.007759 0.007014
0 0.694883 0.414429 0.008531 0.007112
0 0.447372 0.517117 0.006606 0.014412
0 0.009138 0.796743 0.011088 0.015857
0 0.917959 0.422952 0.009452 0.008814
0 0.109921 0.429058 0.008360 0.007161
0 0.364416 0.216676 0.007872 0.007032
0 0.501172 0.658333 0.008594 0.025000
0 0.491797 0.587500 0.008594 0.013889
0 0.044141 0.486111 0.030469 0.016667
0 0.082812 0.462500 0.018750 0.013889
0 0.175000 0.422917 0.009375 0.015278
0 0.190625 0.429861 0.009375 0.012500
0 0.215625 0.606944 0.009375 0.013889
0 0.214062 0.672917 0.010937 0.012500
0 0.833984 0.411806 0.027344 0.020833
0 0.720313 0.420139 0.012500 0.009722
0 0.307031 0.420139 0.007812 0.009722
0 0.446875 0.395833 0.007812 0.013889
0 0.535156 0.599306 0.010937 0.015278