0 0.784639 0.445022 0.008477 0.007261
0 0.856131 0.446248 0.011092 0.009810
0 0.720041 0.443987 0.009966 0.008786
0 0.490466 0.556477 0.005541 0.013084
0 0.581608 0.414436 0.007492 0.007032
0 0.258617 0.530463 0.007936 0.010161
0 0.446870 0.526420 0.005069 0.011985
0 0.301930 0.427271 0.008237 0.007310
0 0.009132 0.796784 0.011154 0.015991
0 0.682548 0.414232 0.008236 0.007290
0 0.905160 0.422861 0.009040 0.008436
0 0.401370 0.439127 0.008298 0.008107
0 0.370664 0.216220 0.008282 0.006655
0 0.053516 0.488194 0.032031 0.018056
0 0.093750 0.458333 0.018750 0.013889
0 0.216406 0.596528 0.007812 0.012500
0 0.213281 0.662500 0.006250 0.022222
0 0.500781 0.642361 0.010937 0.023611
0 0.535156 0.589583 0.006250 0.018056
0 0.551172 0.635417 0.010156 0.015278
0 0.825000 0.411806 0.035937 0.020833
0 0.874219 0.422222 0.012500 0.013889
0 0.240234 0.551389 0.011719 0.013889
0 0.467578 0.415972 0.007031 0.015278
0 0.444531 0.404861 0.007812 0.015278
0 0.097266 0.428472 0.013281 0.009722