0 0.733789 0.444815 0.010536 0.009115
0 0.869028 0.446944 0.010868 0.008963
0 0.447862 0.535868 0.005272 0.012385
0 0.797485 0.444997 0.008776 0.007857
0 0.497575 0.628422 0.008714 0.025329
0 0.466919 0.434628 0.005249 0.012617
0 0.490172 0.529681 0.006094 0.012781
0 0.009008 0.796890 0.011704 0.015968
0 0.286814 0.426928 0.009209 0.008692
0 0.859528 0.425227 0.009064 0.007779
0 0.060937 0.486111 0.034375 0.025000
0 0.103125 0.456944 0.018750 0.016667
0 0.814453 0.411806 0.030469 0.023611
0 0.670703 0.413889 0.010156 0.011111
0 0.692578 0.418750 0.011719 0.015278
0 0.894922 0.420833 0.011719 0.019444
0 0.915234 0.370139 0.011719 0.015278
0 0.445312 0.409028 0.009375 0.012500
0 0.217969 0.595833 0.010937 0.013889
0 0.211328 0.662500 0.011719 0.013889
0 0.288281 0.754167 0.010937 0.011111
0 0.083203 0.431944 0.014844 0.016667
0 0.148828 0.422917 0.008594 0.012500
0 0.514062 0.432639 0.009375 0.012500