0 0.746756 0.444663 0.010503 0.009165
0 0.881775 0.447064 0.010900 0.009099
0 0.809744 0.445136 0.008753 0.008586
0 0.556105 0.414506 0.007974 0.007167
0 0.008883 0.797495 0.011770 0.016000
0 0.496466 0.612517 0.007862 0.023110
0 0.444020 0.457880 0.006424 0.013980
0 0.447718 0.544187 0.005617 0.013218
0 0.529221 0.577176 0.008491 0.014982
0 0.844260 0.424236 0.009459 0.007570
0 0.070703 0.484028 0.033594 0.023611
0 0.115234 0.458333 0.016406 0.013889
0 0.012109 0.461806 0.013281 0.018056
0 0.807031 0.413194 0.029687 0.020833
0 0.677344 0.420139 0.010937 0.009722
0 0.658984 0.412500 0.011719 0.011111
0 0.544922 0.618750 0.008594 0.018056
0 0.220703 0.593750 0.008594 0.015278
0 0.210938 0.654861 0.007812 0.015278
0 0.282813 0.751389 0.009375 0.011111
0 0.246875 0.543056 0.009375 0.013889
0 0.266016 0.524306 0.008594 0.015278
0 0.133594 0.424306 0.007812 0.009722
0 0.271484 0.424306 0.013281 0.009722
0 0.069141 0.434028 0.011719 0.009722
0 0.512891 0.423611 0.010156 0.016667
0 0.445312 0.418750 0.007812 0.012500
0 0.468750 0.452778 0.007812 0.011111
0 0.489063 0.502083 0.007812 0.012500