0 0.760154 0.444896 0.010771 0.008406
0 0.894655 0.447691 0.011018 0.009270
0 0.496722 0.595883 0.008322 0.023541
0 0.543236 0.414930 0.008343 0.007360
0 0.829398 0.423886 0.008738 0.007543
0 0.255767 0.425905 0.011437 0.012251
0 0.467001 0.469905 0.005041 0.012323
0 0.447610 0.553315 0.006029 0.013648
0 0.867141 0.422282 0.009023 0.008038
0 0.527506 0.567163 0.006612 0.015528
0 0.822147 0.445911 0.010045 0.008002
0 0.008619 0.797754 0.011747 0.015712
0 0.249528 0.537744 0.008979 0.012755
0 0.795248 0.414079 0.032620 0.021479
0 0.645259 0.414295 0.008648 0.007507
0 0.120018 0.428024 0.008872 0.007656
0 0.124809 0.457326 0.020613 0.010482
0 0.540804 0.615192 0.008454 0.013529
0 0.443359 0.425694 0.005469 0.012500
0 0.081250 0.486806 0.031250 0.018056
0 0.022266 0.460417 0.011719 0.015278
0 0.665625 0.422917 0.009375 0.009722