0 0.447166 0.562748 0.005996 0.013643
0 0.907486 0.448116 0.010879 0.008361
0 0.496090 0.580801 0.009267 0.022001
0 0.241633 0.425783 0.008573 0.012722
0 0.466760 0.488580 0.005296 0.013441
0 0.773251 0.445133 0.010507 0.008656
0 0.854565 0.421694 0.008989 0.008322
0 0.887336 0.362017 0.008753 0.007980
0 0.537997 0.607003 0.008159 0.014210
0 0.834718 0.446003 0.009740 0.008244
0 0.526942 0.559029 0.007194 0.016378
0 0.008343 0.797933 0.011622 0.015699
0 0.530412 0.414239 0.007506 0.008151
0 0.271910 0.519727 0.006991 0.008930
0 0.224219 0.579861 0.012500 0.015278
0 0.091016 0.485417 0.038281 0.020833
0 0.210156 0.647222 0.007812 0.011111
0 0.785937 0.413194 0.028125 0.018056
0 0.652344 0.422917 0.018750 0.015278
0 0.628906 0.411111 0.017188 0.013889