0 0.446762 0.572752 0.005576 0.013633
0 0.496139 0.565329 0.008510 0.022337
0 0.226620 0.427076 0.008349 0.011804
0 0.919832 0.449099 0.010718 0.008584
0 0.442482 0.482302 0.006213 0.012573
0 0.786751 0.446602 0.010460 0.009608
0 0.841861 0.422068 0.009200 0.008244
0 0.619986 0.414048 0.008265 0.007628
0 0.275226 0.517748 0.008151 0.009768
0 0.466594 0.508262 0.006052 0.011983
0 0.092711 0.429487 0.008726 0.009146
0 0.255603 0.530921 0.008740 0.011675
0 0.535426 0.599324 0.007980 0.013833
0 0.878748 0.358567 0.008101 0.007768
0 0.847281 0.446713 0.009045 0.008269
0 0.008222 0.798306 0.011852 0.015337
0 0.227344 0.577083 0.012500 0.015278
0 0.210938 0.640278 0.007812 0.013889
0 0.100000 0.481944 0.026562 0.019444
0 0.146484 0.455556 0.017969 0.013889
0 0.055859 0.454861 0.013281 0.015278
0 0.042188 0.463194 0.012500 0.012500
0 0.777734 0.410417 0.028906 0.018056
0 0.525000 0.544444 0.010937 0.025000
0 0.466016 0.354167 0.008594 0.016667
0 0.445312 0.436111 0.006250 0.016667
0 0.489453 0.432639 0.010156 0.015278
0 0.512891 0.400000 0.008594 0.013889