0 0.932452 0.448752 0.010773 0.008469
0 0.446767 0.581587 0.005602 0.014386
0 0.157318 0.456431 0.019908 0.010783
0 0.859596 0.446764 0.009530 0.007917
0 0.278872 0.515236 0.007807 0.009512
0 0.799980 0.446678 0.011488 0.009332
0 0.607785 0.413886 0.008261 0.007236
0 0.466338 0.527237 0.005752 0.012326
0 0.228517 0.569681 0.006901 0.012702
0 0.008056 0.798240 0.012200 0.017079
0 0.829468 0.423074 0.009065 0.009810
0 0.259327 0.527358 0.009271 0.011840
0 0.441875 0.491006 0.005397 0.010941
0 0.259418 0.743685 0.009438 0.012060
0 0.108984 0.485417 0.027344 0.012500
0 0.771875 0.412500 0.025000 0.016667
0 0.496094 0.545833 0.010937 0.022222
0 0.443359 0.443056 0.007031 0.019444
0 0.213281 0.426389 0.015625 0.016667
0 0.077344 0.431944 0.010937 0.016667
0 0.071875 0.456944 0.009375 0.013889
0 0.012109 0.432639 0.008594 0.012500
0 0.212109 0.636111 0.014844 0.019444