0 0.812655 0.446124 0.010952 0.009710
0 0.446796 0.592388 0.006145 0.014553
0 0.945209 0.449025 0.011811 0.009002
0 0.494662 0.535777 0.008225 0.020927
0 0.872063 0.447214 0.009373 0.007410
0 0.441744 0.498953 0.006130 0.011750
0 0.164948 0.456069 0.017328 0.010289
0 0.197990 0.428450 0.012621 0.012720
0 0.466536 0.547782 0.005061 0.012002
0 0.064341 0.462264 0.010091 0.006819
0 0.816038 0.422141 0.008798 0.008390
0 0.861149 0.352273 0.007814 0.008244
0 0.759398 0.414609 0.032403 0.021029
0 0.007846 0.798475 0.012250 0.016020
0 0.065363 0.432742 0.010502 0.011750
0 0.114687 0.484096 0.030782 0.015220
0 0.262969 0.524127 0.008910 0.012526
0 0.230539 0.564982 0.007052 0.014062
0 0.210938 0.629861 0.010937 0.012500
0 0.464062 0.382639 0.012500 0.023611
0 0.472656 0.355556 0.007812 0.016667
0 0.486328 0.388194 0.007031 0.012500
0 0.510938 0.385417 0.007812 0.012500