0 0.051328 0.436939 0.009760 0.014096
0 0.958088 0.449871 0.010640 0.009284
0 0.750219 0.415019 0.032704 0.020821
0 0.494257 0.522005 0.008624 0.020560
0 0.825745 0.446138 0.011256 0.010063
0 0.123363 0.483402 0.029933 0.014827
0 0.233157 0.560686 0.007830 0.011832
0 0.803343 0.422246 0.009196 0.008003
0 0.440990 0.506537 0.006089 0.012406
0 0.466621 0.569336 0.005351 0.012918
0 0.884779 0.447807 0.009393 0.007239
0 0.446568 0.602295 0.005751 0.014577
0 0.097499 0.453130 0.010147 0.007734
0 0.007639 0.799031 0.012084 0.017077
0 0.582537 0.414121 0.007977 0.007359
0 0.529297 0.569444 0.010156 0.019444
0 0.177344 0.455556 0.021875 0.019444
0 0.076563 0.463194 0.009375 0.012500
0 0.467969 0.398611 0.007812 0.019444