0 0.970886 0.450014 0.010540 0.009001
0 0.111620 0.452232 0.010588 0.007806
0 0.440931 0.514618 0.006395 0.012773
0 0.493703 0.508285 0.008507 0.020862
0 0.838398 0.446293 0.011644 0.009803
0 0.445942 0.614379 0.005466 0.013324
0 0.466196 0.591083 0.006093 0.013951
0 0.790595 0.421780 0.009086 0.008123
0 0.570091 0.414103 0.008198 0.007334
0 0.527359 0.440932 0.007619 0.013539
0 0.235777 0.556531 0.007786 0.012630
0 0.007107 0.799541 0.011700 0.016715
0 0.527944 0.565504 0.007077 0.014040
0 0.036382 0.436924 0.010017 0.014705
0 0.173224 0.303082 0.007738 0.009379
0 0.471199 0.384610 0.005260 0.011976
0 0.741425 0.414514 0.032902 0.020964
0 0.244468 0.735343 0.008507 0.011553
0 0.187891 0.451389 0.014844 0.013889
0 0.212109 0.618056 0.010156 0.019444
0 0.441406 0.466667 0.009375 0.013889
0 0.131641 0.483333 0.030469 0.019444
0 0.898047 0.447222 0.008594 0.011111
0 0.466406 0.417361 0.007812 0.015278