0 0.983455 0.450335 0.010829 0.009416
0 0.732394 0.414339 0.032201 0.021031
0 0.125530 0.451316 0.010906 0.008414
0 0.851821 0.446756 0.010698 0.009108
0 0.466229 0.613609 0.006304 0.013888
0 0.445994 0.624237 0.006007 0.014979
0 0.909608 0.448166 0.009226 0.008219
0 0.439957 0.522728 0.006560 0.013112
0 0.471315 0.400540 0.005642 0.013772
0 0.835241 0.341154 0.008015 0.008725
0 0.493384 0.495658 0.007195 0.016925
0 0.777890 0.422182 0.008630 0.008103
0 0.239986 0.729771 0.008302 0.011744
0 0.197740 0.454231 0.020197 0.011519
0 0.273543 0.515093 0.009254 0.011167
0 0.022353 0.437051 0.009585 0.012109
0 0.238485 0.552148 0.008223 0.012647
0 0.006960 0.799580 0.011506 0.016108
0 0.471423 0.338124 0.004298 0.010094
0 0.159299 0.427152 0.008198 0.007652
0 0.541625 0.439813 0.009010 0.010418
0 0.139844 0.483333 0.031250 0.025000
0 0.558203 0.413889 0.010156 0.016667
0 0.212500 0.612500 0.007812 0.016667
0 0.441016 0.476389 0.008594 0.016667