0 0.864964 0.446926 0.010846 0.009048
0 0.722587 0.414293 0.033694 0.020985
0 0.995360 0.450463 0.009113 0.010056
0 0.139762 0.450706 0.010975 0.008408
0 0.008388 0.437588 0.009607 0.011741
0 0.235577 0.724655 0.008107 0.012990
0 0.439277 0.530740 0.005997 0.014048
0 0.466071 0.636898 0.006153 0.013813
0 0.445671 0.636145 0.005721 0.013622
0 0.555381 0.437878 0.009429 0.008598
0 0.241284 0.548450 0.007225 0.010914
0 0.921798 0.448189 0.009369 0.007653
0 0.277371 0.512477 0.009651 0.011260
0 0.006832 0.799703 0.011471 0.015920
0 0.214259 0.453208 0.009027 0.008304
0 0.545642 0.414673 0.008493 0.008622
0 0.471379 0.352317 0.004978 0.011081
0 0.471052 0.417308 0.006042 0.012248
0 0.204619 0.453914 0.012491 0.010427
0 0.146003 0.427907 0.007326 0.006026
0 0.147266 0.482639 0.032031 0.018056
0 0.214453 0.611111 0.010156 0.008333
0 0.495703 0.477778 0.010156 0.013889
0 0.442188 0.482639 0.007812 0.012500
0 0.467187 0.449306 0.007812 0.009722
0 0.108594 0.460417 0.010937 0.009722