0 0.878014 0.446883 0.011099 0.009602
0 0.153531 0.450476 0.010004 0.008172
0 0.466213 0.660124 0.005931 0.013366
0 0.569786 0.437414 0.008880 0.007693
0 0.006750 0.799692 0.011561 0.016470
0 0.492599 0.467813 0.007632 0.019290
0 0.445200 0.647019 0.005254 0.014360
0 0.280969 0.509247 0.009856 0.011062
0 0.218670 0.453466 0.020328 0.010696
0 0.118846 0.459574 0.010523 0.007199
0 0.132694 0.428476 0.007901 0.006926
0 0.213672 0.602778 0.010156 0.013889
0 0.155469 0.480556 0.032813 0.022222
0 0.717578 0.409028 0.024219 0.018056
0 0.465625 0.459722 0.009375 0.016667
0 0.442578 0.490278 0.005469 0.016667
0 0.232031 0.717361 0.007812 0.018056
0 0.472656 0.365972 0.004687 0.015278