0 0.891109 0.447335 0.010371 0.009575
0 0.466476 0.685273 0.005730 0.014737
0 0.167955 0.449279 0.011015 0.008414
0 0.129494 0.458940 0.009792 0.007154
0 0.583495 0.437369 0.007825 0.007672
0 0.679620 0.421986 0.007868 0.007447
0 0.471462 0.451948 0.006083 0.013604
0 0.006531 0.799979 0.011386 0.016422
0 0.507973 0.983411 0.007663 0.020358
0 0.572419 0.444194 0.008630 0.007504
0 0.246307 0.541278 0.007944 0.011871
0 0.491555 0.455887 0.007458 0.018704
0 0.437648 0.547990 0.005638 0.013822
0 0.163281 0.480556 0.029687 0.019444
0 0.707812 0.411806 0.029687 0.020833
0 0.226953 0.715972 0.007031 0.015278
0 0.216797 0.597917 0.008594 0.012500
0 0.228906 0.450694 0.017188 0.015278
0 0.472266 0.381250 0.005469 0.015278
0 0.440234 0.499306 0.008594 0.020833
0 0.446484 0.658333 0.005469 0.016667