0 0.903853 0.447473 0.010452 0.008853
0 0.506880 0.951305 0.007181 0.018996
0 0.583931 0.444129 0.008567 0.007340
0 0.597463 0.437180 0.007593 0.007159
0 0.491722 0.442923 0.007718 0.018125
0 0.249640 0.538020 0.008422 0.011915
0 0.181961 0.449242 0.010168 0.008525
0 0.466152 0.710952 0.006833 0.016418
0 0.696758 0.412907 0.032729 0.023112
0 0.664443 0.419944 0.009375 0.007904
0 0.959767 0.448589 0.009320 0.008010
0 0.006541 0.799922 0.011544 0.016243
0 0.105070 0.430157 0.008197 0.006875
0 0.224929 0.708761 0.008315 0.013176
0 0.724913 0.420454 0.008289 0.008718
0 0.443359 0.670833 0.010156 0.016667
0 0.173437 0.481250 0.028125 0.018056
0 0.239844 0.450694 0.018750 0.012500