0 0.917268 0.448050 0.010850 0.008415
0 0.466192 0.737414 0.006202 0.016185
0 0.195206 0.448682 0.009987 0.008041
0 0.611199 0.437469 0.007596 0.007265
0 0.506110 0.920041 0.007476 0.017959
0 0.435286 0.564026 0.006141 0.015479
0 0.972389 0.449561 0.009182 0.007702
0 0.595238 0.444373 0.008320 0.007356
0 0.444382 0.682321 0.006439 0.014972
0 0.491313 0.430925 0.007569 0.017232
0 0.072411 0.438345 0.009271 0.008813
0 0.687453 0.412978 0.032258 0.022063
0 0.006596 0.799876 0.011561 0.016032
0 0.248047 0.450000 0.021094 0.016667
0 0.182422 0.478472 0.027344 0.015278
0 0.217969 0.587500 0.009375 0.011111
0 0.253906 0.531944 0.009375 0.013889
0 0.221094 0.702083 0.009375 0.015278
0 0.471484 0.490278 0.010156 0.016667
0 0.439844 0.515972 0.012500 0.018056