0 0.466159 0.765842 0.006608 0.016181
0 0.930056 0.448351 0.010611 0.008257
0 0.208730 0.448507 0.010438 0.007604
0 0.984648 0.450037 0.008977 0.007278
0 0.607562 0.444141 0.008758 0.007076
0 0.491085 0.418491 0.007116 0.017426
0 0.515979 0.460273 0.006965 0.015785
0 0.056348 0.439561 0.009831 0.007800
0 0.256372 0.530575 0.008865 0.012083
0 0.004381 0.466540 0.008713 0.009570
0 0.625215 0.437240 0.007637 0.007512
0 0.260620 0.451315 0.020159 0.010971
0 0.471503 0.508154 0.006072 0.013153
0 0.504937 0.889640 0.006964 0.017525
0 0.442844 0.694637 0.006398 0.015344
0 0.434242 0.573573 0.005808 0.013287
0 0.988696 0.427183 0.008810 0.008513
0 0.188281 0.482639 0.029687 0.026389
0 0.679297 0.409722 0.030469 0.019444
0 0.221484 0.583333 0.010156 0.011111