0 0.943040 0.448640 0.010674 0.008800
0 0.996444 0.450499 0.006972 0.008153
0 0.223082 0.447656 0.010707 0.007724
0 0.466127 0.794356 0.006719 0.016284
0 0.639522 0.437833 0.007454 0.006669
0 0.975380 0.426991 0.009736 0.009857
0 0.259470 0.526986 0.008217 0.011702
0 0.490348 0.406734 0.007411 0.017685
0 0.619460 0.444320 0.009377 0.007404
0 0.471436 0.452219 0.005718 0.012413
0 0.016404 0.466381 0.010889 0.008755
0 0.471221 0.528169 0.005907 0.013592
0 0.619677 0.421556 0.009056 0.008046
0 0.196998 0.479867 0.029685 0.015284
0 0.442408 0.706927 0.006409 0.015394
0 0.040912 0.440388 0.009308 0.007308
0 0.267207 0.451205 0.012274 0.010507
0 0.672266 0.408333 0.030469 0.022222
0 0.222656 0.579167 0.010937 0.011111
0 0.216406 0.689583 0.009375 0.015278
0 0.504297 0.857639 0.007031 0.015278
0 0.438281 0.532639 0.006250 0.020833
0 0.464844 0.550694 0.009375 0.018056