0 0.465991 0.824472 0.006711 0.017471
0 0.236516 0.447729 0.010170 0.007513
0 0.262769 0.525254 0.008493 0.011204
0 0.955721 0.449068 0.011404 0.009318
0 0.962337 0.425737 0.008828 0.008503
0 0.630277 0.444262 0.009228 0.006785
0 0.489859 0.395461 0.006836 0.017459
0 0.503150 0.832212 0.006645 0.017251
0 0.029924 0.465980 0.009771 0.008257
0 0.653394 0.437604 0.007795 0.007272
0 0.471380 0.547871 0.005844 0.014660
0 0.605137 0.420229 0.008081 0.008303
0 0.204835 0.480439 0.029058 0.015300
0 0.025284 0.441337 0.009935 0.008538
0 0.442235 0.719804 0.006258 0.015634
0 0.471714 0.470707 0.006447 0.013146
0 0.660476 0.413267 0.032409 0.020820
0 0.277236 0.451127 0.011413 0.009924
0 0.224609 0.574306 0.008594 0.012500
0 0.213672 0.679861 0.011719 0.020833
0 0.514062 0.439583 0.006250 0.015278
0 0.439063 0.540972 0.010937 0.015278