0 0.465748 0.855568 0.007056 0.017564
0 0.642216 0.444146 0.008571 0.007333
0 0.667804 0.436974 0.009260 0.007702
0 0.968691 0.449447 0.011258 0.009414
0 0.489643 0.384465 0.007036 0.016654
0 0.249881 0.446780 0.010610 0.008016
0 0.949616 0.425500 0.008698 0.008123
0 0.590318 0.420656 0.009078 0.009174
0 0.296662 0.450601 0.008547 0.008125
0 0.471578 0.569400 0.005443 0.015977
0 0.083657 0.341700 0.008712 0.008553
0 0.287560 0.450992 0.011230 0.010104
0 0.966053 0.602830 0.006799 0.014089
0 0.651430 0.413607 0.032126 0.021273
0 0.429759 0.598290 0.006223 0.014141
0 0.042971 0.465028 0.011574 0.008496
0 0.465598 0.592527 0.006510 0.012735
0 0.266784 0.521499 0.009018 0.012400
0 0.212109 0.479861 0.030469 0.015278
0 0.212500 0.680556 0.012500 0.022222
0 0.229297 0.569444 0.010156 0.011111
0 0.502734 0.801389 0.008594 0.022222
0 0.442578 0.731944 0.010156 0.022222
0 0.438281 0.542361 0.006250 0.018056
0 0.473828 0.487500 0.008594 0.016667