0 0.465917 0.888377 0.006924 0.018940
0 0.441096 0.744919 0.006354 0.016455
0 0.471993 0.590951 0.006375 0.016547
0 0.981894 0.450004 0.011418 0.009658
0 0.501656 0.778997 0.006306 0.015289
0 0.682164 0.439043 0.009716 0.007594
0 0.270235 0.518696 0.008927 0.010987
0 0.428013 0.607300 0.006304 0.014822
0 0.489321 0.373164 0.006946 0.016869
0 0.056863 0.463977 0.009927 0.008808
0 0.263623 0.446614 0.009704 0.008044
0 0.298101 0.450645 0.011880 0.010123
0 0.653774 0.444268 0.009504 0.007886
0 0.514870 0.473566 0.006318 0.012432
0 0.574797 0.420393 0.008650 0.008332
0 0.513212 0.425376 0.006687 0.012988
0 0.965837 0.602646 0.006911 0.013830
0 0.464774 0.613542 0.006878 0.013684
0 0.022197 0.436416 0.007776 0.007626
0 0.218359 0.480556 0.036719 0.022222
0 0.644141 0.408333 0.032031 0.019444
0 0.436719 0.554861 0.007812 0.012500
0 0.473438 0.509028 0.010937 0.018056
0 0.230859 0.565278 0.010156 0.013889