0 0.994671 0.450518 0.010385 0.009441
0 0.466227 0.921214 0.006956 0.019324
0 0.695660 0.436940 0.008131 0.007726
0 0.426133 0.615829 0.006336 0.013582
0 0.277368 0.446631 0.010517 0.008477
0 0.440863 0.757773 0.006518 0.015605
0 0.273718 0.515519 0.008570 0.010147
0 0.069999 0.463074 0.010427 0.009059
0 0.471939 0.613858 0.006584 0.016194
0 0.665929 0.444249 0.008697 0.006580
0 0.965594 0.602640 0.006418 0.014336
0 0.488568 0.362899 0.007363 0.016448
0 0.500717 0.753937 0.006148 0.014927
0 0.008139 0.437634 0.007527 0.007165
0 0.421217 0.415586 0.007774 0.011215
0 0.227860 0.479236 0.029952 0.017004
0 0.471965 0.528065 0.005603 0.013790
0 0.232813 0.562500 0.010937 0.011111
0 0.633984 0.407639 0.030469 0.018056
0 0.313672 0.450694 0.017969 0.009722
0 0.212500 0.663889 0.010937 0.016667