0 0.465831 0.956245 0.007546 0.020581
0 0.291030 0.445330 0.010771 0.007988
0 0.624333 0.413655 0.032470 0.021267
0 0.545295 0.421607 0.009236 0.008262
0 0.472400 0.637771 0.006710 0.015880
0 0.408487 0.416800 0.007928 0.008348
0 0.709835 0.437670 0.008252 0.007455
0 0.318426 0.450483 0.011537 0.009235
0 0.327702 0.449676 0.009019 0.007675
0 0.440477 0.770745 0.006068 0.016340
0 0.464649 0.656536 0.007689 0.016023
0 0.083135 0.462434 0.009863 0.008280
0 0.234958 0.478880 0.029520 0.017417
0 0.965286 0.602367 0.006751 0.014231
0 0.473828 0.547917 0.010156 0.015278
0 0.434375 0.570833 0.007812 0.013889
0 0.499609 0.729167 0.007031 0.022222
0 0.210156 0.657639 0.004687 0.012500
0 0.278906 0.511111 0.007812 0.008333