0 0.468404 0.990669 0.011002 0.018571
0 0.723514 0.437479 0.007505 0.007272
0 0.304081 0.444604 0.009683 0.007513
0 0.615602 0.413939 0.032259 0.020636
0 0.440632 0.784947 0.006786 0.015069
0 0.396114 0.417285 0.008167 0.008491
0 0.095730 0.461575 0.008818 0.008151
0 0.530505 0.420738 0.009607 0.010064
0 0.236865 0.455703 0.011635 0.009276
0 0.329074 0.450130 0.011771 0.009711
0 0.472639 0.661008 0.006428 0.017651
0 0.242578 0.477778 0.030469 0.019444
0 0.432422 0.579167 0.008594 0.013889
0 0.475000 0.571528 0.006250 0.012500
0 0.238281 0.550694 0.010937 0.015278
0 0.282031 0.508333 0.009375 0.011111
0 0.209766 0.653472 0.010156 0.012500
0 0.689453 0.445139 0.007031 0.009722
0 0.287500 0.422222 0.010937 0.008333
0 0.500000 0.703472 0.007812 0.012500