0 0.317453 0.443803 0.009736 0.006998
0 0.439829 0.796562 0.006378 0.018405
0 0.472523 0.686946 0.006373 0.017527
0 0.465634 0.701278 0.007452 0.017278
0 0.108912 0.460707 0.010066 0.008569
0 0.357880 0.426396 0.007999 0.007405
0 0.487663 0.331803 0.007680 0.016569
0 0.383667 0.419314 0.008964 0.007834
0 0.471917 0.591503 0.006901 0.016019
0 0.604891 0.414159 0.035017 0.022169
0 0.497512 0.683097 0.005828 0.013247
0 0.253516 0.480556 0.041406 0.030556
0 0.283984 0.509028 0.010156 0.009722
0 0.242188 0.550000 0.009375 0.008333
0 0.344141 0.452083 0.014844 0.012500
0 0.433203 0.583333 0.005469 0.008333