0 0.342851 0.425798 0.009595 0.007610
0 0.440095 0.809354 0.006611 0.020717
0 0.122029 0.460128 0.009090 0.008034
0 0.331145 0.444313 0.009905 0.009438
0 0.349681 0.448751 0.011638 0.010420
0 0.416426 0.649370 0.007305 0.013508
0 0.358597 0.449006 0.007892 0.007807
0 0.497475 0.661102 0.005806 0.012912
0 0.593934 0.414128 0.039561 0.022441
0 0.289281 0.504620 0.010224 0.011620
0 0.473505 0.712133 0.006986 0.018472
0 0.471977 0.614128 0.007078 0.016404
0 0.751625 0.437705 0.007765 0.007190
0 0.023127 0.363488 0.007997 0.008493
0 0.258984 0.471528 0.028906 0.015278
0 0.244531 0.540972 0.006250 0.009722
0 0.432031 0.593056 0.006250 0.016667