0 0.297903 0.427554 0.008754 0.007533
0 0.161341 0.457855 0.011023 0.008739
0 0.746220 0.444662 0.007730 0.007080
0 0.438983 0.852147 0.006881 0.018165
0 0.794226 0.438446 0.008485 0.007648
0 0.465530 0.805924 0.008516 0.019272
0 0.474844 0.797114 0.007384 0.019011
0 0.289641 0.452214 0.010356 0.007174
0 0.470522 0.590356 0.005829 0.013333
0 0.389731 0.448117 0.007841 0.007423
0 0.371378 0.443579 0.009785 0.008622
0 0.380876 0.448527 0.011510 0.008817
0 0.570226 0.412441 0.033422 0.022950
0 0.495805 0.598283 0.005356 0.013036
0 0.273828 0.479167 0.032031 0.019444