0 0.758238 0.444912 0.007989 0.007114
0 0.438929 0.866408 0.006611 0.018440
0 0.465491 0.833780 0.008544 0.020084
0 0.282640 0.428619 0.008386 0.007878
0 0.474828 0.825820 0.007713 0.022426
0 0.173908 0.457446 0.009560 0.008386
0 0.321378 0.420096 0.008648 0.008532
0 0.472056 0.714400 0.006679 0.016017
0 0.807827 0.439023 0.007631 0.006400
0 0.300215 0.451547 0.009582 0.007281
0 0.561249 0.413146 0.032355 0.021295
0 0.384866 0.441625 0.010223 0.008535
0 0.821077 0.421083 0.008300 0.008503
0 0.285156 0.473611 0.025000 0.019444