0 0.474226 0.859788 0.007408 0.019891
0 0.439439 0.880608 0.006697 0.019338
0 0.770063 0.444827 0.008668 0.007020
0 0.465121 0.863233 0.007942 0.019367
0 0.267865 0.429430 0.008574 0.006265
0 0.822319 0.439179 0.008548 0.006909
0 0.410334 0.447535 0.008786 0.007349
0 0.552702 0.413241 0.032733 0.021933
0 0.472773 0.741556 0.007134 0.017419
0 0.310540 0.451517 0.010350 0.006674
0 0.186711 0.456437 0.009572 0.009445
0 0.308938 0.420979 0.009647 0.008298
0 0.398076 0.441307 0.009559 0.009040
0 0.285891 0.482908 0.032591 0.017491
0 0.484958 0.274497 0.007103 0.014923
0 0.471484 0.636806 0.008594 0.015278
0 0.421875 0.637500 0.006250 0.008333