0 0.835961 0.439455 0.007728 0.007347
0 0.465120 0.893828 0.008018 0.020069
0 0.438549 0.895262 0.007053 0.019815
0 0.475670 0.892039 0.008371 0.022821
0 0.781568 0.444952 0.009396 0.007511
0 0.321347 0.451258 0.009661 0.007370
0 0.484559 0.265606 0.005862 0.014653
0 0.543315 0.413562 0.032391 0.023375
0 0.295933 0.422228 0.008703 0.007543
0 0.294305 0.473782 0.023613 0.014172
0 0.412609 0.443978 0.013614 0.014957
0 0.472863 0.769562 0.007323 0.016596
0 0.252633 0.429890 0.008609 0.007254
0 0.471790 0.661483 0.005823 0.015058
0 0.418750 0.647917 0.009375 0.015278
0 0.394141 0.694444 0.007031 0.013889