0 0.476014 0.927231 0.007917 0.022756
0 0.465040 0.924944 0.009265 0.022816
0 0.792907 0.444910 0.008381 0.007653
0 0.471394 0.687281 0.005961 0.015490
0 0.331653 0.450600 0.009315 0.007531
0 0.473461 0.798558 0.007528 0.019014
0 0.394376 0.423989 0.008852 0.008459
0 0.850514 0.439279 0.008973 0.007264
0 0.211771 0.455497 0.010422 0.009633
0 0.283220 0.422508 0.008328 0.008269
0 0.535470 0.411926 0.030312 0.025643
0 0.270413 0.520441 0.011039 0.011335
0 0.439271 0.910574 0.006959 0.021358
0 0.421997 0.444805 0.011716 0.013835
0 0.169330 0.427873 0.008767 0.008629
0 0.964267 0.601559 0.006190 0.014425
0 0.781946 0.420216 0.008439 0.007153
0 0.237101 0.430831 0.008842 0.007366
0 0.304688 0.473611 0.029687 0.016667