0 0.637650 0.436914 0.009886 0.007749
0 0.440462 0.701816 0.006059 0.016853
0 0.086397 0.493076 0.010647 0.009324
0 0.575873 0.419456 0.008174 0.008195
0 0.262234 0.425235 0.009070 0.009126
0 0.182800 0.458901 0.009156 0.007167
0 0.033767 0.467718 0.010971 0.009898
0 0.588718 0.443745 0.016366 0.009950
0 0.388750 0.470518 0.011319 0.008861
0 0.334411 0.750754 0.009714 0.011828
0 0.977957 0.448511 0.008684 0.007947
0 0.147691 0.436281 0.008588 0.008910
0 0.407987 0.449167 0.007377 0.008333
0 0.077201 0.435383 0.009128 0.008846
0 0.943117 0.417350 0.008980 0.008147
0 0.390625 0.412500 0.028125 0.025000
0 0.505078 0.925694 0.010156 0.034722