0 0.440106 0.722545 0.006352 0.016371
0 0.098548 0.492334 0.010739 0.008676
0 0.651073 0.436574 0.009898 0.007556
0 0.599906 0.443457 0.018939 0.009362
0 0.989520 0.448973 0.008727 0.008000
0 0.388589 0.470333 0.011512 0.009358
0 0.327181 0.753627 0.010414 0.010843
0 0.563216 0.419634 0.008573 0.008462
0 0.047320 0.466527 0.011055 0.010152
0 0.835614 0.340003 0.008624 0.009794
0 0.503733 0.917260 0.006221 0.016036
0 0.277816 0.755352 0.009560 0.010568
0 0.930683 0.417239 0.008845 0.007773
0 0.131664 0.436702 0.008562 0.007508
0 0.942183 0.424689 0.010011 0.009088
0 0.380429 0.417580 0.032820 0.019725
0 0.503516 0.896528 0.010156 0.020833