0 0.664288 0.436704 0.009869 0.007622
0 0.610482 0.443094 0.018504 0.010716
0 0.115957 0.438227 0.008603 0.008377
0 0.434540 0.525546 0.005654 0.012774
0 0.550302 0.419672 0.008568 0.008194
0 0.271146 0.754106 0.008375 0.010515
0 0.917785 0.416878 0.008629 0.007721
0 0.371334 0.417562 0.032279 0.019049
0 0.110982 0.491451 0.011163 0.009281
0 0.209783 0.456470 0.010914 0.008709
0 0.440683 0.743795 0.006193 0.017757
0 0.389390 0.470507 0.010638 0.008889
0 0.060776 0.466231 0.011282 0.009900
0 0.501172 0.887500 0.013281 0.027778