0 0.494125 0.865763 0.007501 0.017416
0 0.438283 0.888409 0.006669 0.020054
0 0.142590 0.460885 0.011288 0.009691
0 0.278507 0.759120 0.008613 0.010448
0 0.666239 0.951197 0.010872 0.023332
0 0.582856 0.444644 0.009175 0.006788
0 0.287291 0.452823 0.010530 0.008296
0 0.922345 0.393703 0.010172 0.008745
0 0.020214 0.444428 0.008866 0.008197
0 0.672440 0.442402 0.018427 0.009915
0 0.234832 0.730847 0.007897 0.012666
0 0.149625 0.429528 0.009377 0.009064
0 0.842611 0.414554 0.008370 0.007383
0 0.430103 0.581137 0.006209 0.013724
0 0.316652 0.420757 0.032269 0.021904
0 0.179807 0.487334 0.010233 0.009049
0 0.499642 0.772351 0.006662 0.021060
0 0.744650 0.438583 0.009895 0.008469