0 0.299488 0.452582 0.009535 0.008263
0 0.593400 0.444363 0.010435 0.006747
0 0.757888 0.437725 0.009218 0.007602
0 0.671363 0.930433 0.010475 0.021411
0 0.230350 0.725378 0.008015 0.012461
0 0.493528 0.837437 0.007517 0.016625
0 0.438916 0.915916 0.007095 0.020211
0 0.156369 0.460546 0.011833 0.009346
0 0.307693 0.421048 0.033309 0.023122
0 0.908430 0.422070 0.008844 0.007707
0 0.955692 0.417044 0.009428 0.009103
0 0.004328 0.446234 0.008656 0.008565
0 0.190381 0.486339 0.008928 0.008990
0 0.135932 0.430354 0.008027 0.008085
0 0.499301 0.753930 0.006742 0.018003