0 0.201626 0.485578 0.010287 0.009434
0 0.492592 0.809646 0.007360 0.016481
0 0.312336 0.451790 0.010378 0.007738
0 0.771299 0.437860 0.010155 0.007651
0 0.169189 0.459982 0.011431 0.009039
0 0.941338 0.417172 0.009287 0.008095
0 0.298881 0.421025 0.033734 0.022672
0 0.226211 0.720045 0.008018 0.012262
0 0.121454 0.431024 0.008846 0.008744
0 0.604154 0.444005 0.009711 0.006700
0 0.428308 0.598557 0.006288 0.014736
0 0.528428 0.444308 0.009143 0.007919
0 0.497845 0.744259 0.006801 0.027195
0 0.894492 0.422485 0.009446 0.006907
0 0.665386 0.493641 0.007676 0.010359
0 0.961487 0.599550 0.006778 0.014291
0 0.676920 0.910592 0.009001 0.020902
0 0.438619 0.943721 0.006864 0.020668
0 0.688422 0.442496 0.009092 0.008987
0 0.911446 0.368577 0.008650 0.008672