0 0.212134 0.485726 0.010124 0.008440
0 0.491488 0.782956 0.006544 0.015543
0 0.784664 0.438427 0.009682 0.007756
0 0.438566 0.972902 0.007000 0.021011
0 0.498010 0.721209 0.006122 0.015424
0 0.961552 0.599556 0.006795 0.014266
0 0.426471 0.608344 0.006210 0.014540
0 0.324675 0.451580 0.010064 0.007569
0 0.540586 0.443371 0.009020 0.007378
0 0.699850 0.442616 0.010506 0.009069
0 0.289329 0.421604 0.032951 0.022052
0 0.665585 0.493770 0.007095 0.010311
0 0.927017 0.416744 0.009004 0.007632
0 0.182708 0.458849 0.010132 0.008909