0 0.616404 0.472236 0.008474 0.007527
0 0.798277 0.438560 0.009317 0.007761
0 0.222167 0.484888 0.009835 0.008813
0 0.337482 0.450766 0.009727 0.007391
0 0.961480 0.599498 0.006997 0.014149
0 0.439035 0.995651 0.007380 0.008698
0 0.887077 0.392602 0.010490 0.008838
0 0.713750 0.442694 0.019187 0.010108
0 0.252726 0.749271 0.008913 0.012101
0 0.497577 0.711641 0.006598 0.027456
0 0.490946 0.756758 0.006641 0.016311
0 0.282567 0.420727 0.027672 0.017918
0 0.196207 0.457962 0.011256 0.009586
0 0.688834 0.872414 0.008743 0.018892