0 0.243129 0.483657 0.010334 0.009180
0 0.630898 0.471796 0.009159 0.008761
0 0.824673 0.439703 0.010456 0.008396
0 0.576255 0.441770 0.008862 0.008404
0 0.362954 0.449515 0.009952 0.008040
0 0.395395 0.425196 0.008438 0.007807
0 0.261403 0.422356 0.033652 0.020215
0 0.489728 0.708017 0.006231 0.014972
0 0.879879 0.359279 0.007859 0.007353
0 0.496923 0.680958 0.006498 0.026878
0 0.646559 0.444046 0.009660 0.006738
0 0.961444 0.599479 0.006960 0.014107
0 0.419537 0.635303 0.006597 0.014319
0 0.766909 0.417731 0.008996 0.012852
0 0.694879 0.471820 0.009129 0.008064
0 0.063985 0.435158 0.008842 0.009728
0 0.665324 0.493672 0.007642 0.010436