0 0.951930 0.766863 0.058770 0.061044
0 0.982338 0.968866 0.035324 0.062267
0 0.789083 0.822241 0.062733 0.067289
0 0.339306 0.523166 0.057026 0.059513
0 0.969427 0.263315 0.061146 0.068793
0 0.344645 0.261692 0.059293 0.047946
0 0.587387 0.356424 0.015240 0.017899
0 0.935499 0.219068 0.061808 0.069292
0 0.443542 0.652764 0.072039 0.061718
0 0.834343 0.221449 0.022120 0.020424
0 0.796229 0.304665 0.022972 0.020951
0 0.507031 0.283333 0.060937 0.050000
0 0.449219 0.584028 0.043750 0.048611
0 0.171094 0.424306 0.035937 0.023611
0 0.963281 0.388889 0.056250 0.050000
0 0.964453 0.469444 0.046094 0.041667