0 0.539634 0.601862 0.054598 0.048626
0 0.694332 0.748760 0.062250 0.055609
0 0.886445 0.257371 0.068955 0.062277
0 0.975957 0.251369 0.048086 0.056000
0 0.815355 0.988985 0.045944 0.022030
0 0.956448 0.208045 0.060303 0.055397
0 0.966691 0.958052 0.061731 0.072501
0 0.993059 0.408662 0.013881 0.048165
0 0.610938 0.667361 0.040625 0.040278
0 0.505078 0.310417 0.050781 0.045833
0 0.359766 0.295139 0.050781 0.037500
0 0.901563 0.404167 0.050000 0.047222
0 0.911719 0.469444 0.040625 0.050000
0 0.956641 0.373611 0.044531 0.055556