0 0.221238 0.941069 0.035720 0.021033
0 0.798493 0.974897 0.066828 0.050207
0 0.717646 0.758619 0.060807 0.055136
0 0.970908 0.254603 0.049708 0.056209
0 0.950615 0.211927 0.059495 0.052958
0 0.557193 0.608065 0.050114 0.047503
0 0.881374 0.260423 0.068172 0.060544
0 0.976208 0.968444 0.047578 0.063113
0 0.362500 0.295833 0.053125 0.033333
0 0.505469 0.315278 0.042188 0.036111
0 0.957812 0.374306 0.053125 0.051389
0 0.896094 0.408333 0.050000 0.038889
0 0.905078 0.470139 0.035156 0.029167
0 0.989844 0.422222 0.017188 0.022222