0 0.208537 0.943840 0.033647 0.020625
0 0.740256 0.768418 0.059905 0.056150
0 0.577123 0.614745 0.051194 0.048181
0 0.769760 0.956027 0.067164 0.067913
0 0.876291 0.262773 0.067007 0.059380
0 0.984994 0.979796 0.030012 0.040408
0 0.944756 0.215486 0.059627 0.054459
0 0.965073 0.257248 0.049614 0.055147
0 0.368605 0.301883 0.060977 0.042124
0 0.503906 0.318750 0.042188 0.048611
0 0.889844 0.409722 0.046875 0.036111
0 0.903125 0.468750 0.035937 0.031944
0 0.949219 0.379861 0.051562 0.056944
0 0.647656 0.688889 0.035937 0.047222