0 0.741720 0.933034 0.066931 0.065152
0 0.760734 0.778486 0.056394 0.057155
0 0.871868 0.265681 0.066271 0.058846
0 0.939711 0.218683 0.058920 0.055468
0 0.959223 0.260362 0.049417 0.054503
0 0.370578 0.304121 0.059702 0.041001
0 0.504297 0.323611 0.050781 0.036111
0 0.592969 0.621528 0.046875 0.048611
0 0.658203 0.692361 0.042969 0.056944
0 0.889062 0.406250 0.053125 0.048611
0 0.892969 0.297917 0.050000 0.054167
0 0.892969 0.468056 0.045312 0.038889
0 0.951953 0.379861 0.046094 0.054167
0 0.987891 0.410417 0.014844 0.029167