0 0.712095 0.907834 0.060127 0.059990
0 0.995272 0.231777 0.009456 0.036373
0 0.933862 0.222317 0.057904 0.052353
0 0.784718 0.794180 0.061435 0.065970
0 0.953334 0.262988 0.048540 0.053986
0 0.867444 0.268958 0.065217 0.057935
0 0.609375 0.625000 0.057813 0.055556
0 0.675781 0.709028 0.045312 0.045833
0 0.887891 0.306944 0.049219 0.050000
0 0.882031 0.408333 0.046875 0.041667
0 0.942187 0.383333 0.046875 0.038889
0 0.886328 0.471528 0.039844 0.031944
0 0.983203 0.411111 0.025781 0.038889
0 0.366016 0.304861 0.050781 0.037500
0 0.500391 0.322222 0.052344 0.036111