0 0.689120 0.886233 0.065561 0.059634
0 0.631755 0.636361 0.049884 0.049120
0 0.164400 0.954383 0.024183 0.019807
0 0.929534 0.225583 0.057149 0.051522
0 0.695070 0.712867 0.045710 0.040216
0 0.862634 0.271523 0.065398 0.057165
0 0.992465 0.233792 0.015071 0.038683
0 0.801860 0.800496 0.054859 0.059430
0 0.947873 0.265760 0.047641 0.051502
0 0.952825 0.364226 0.093972 0.110264
0 0.891815 0.308173 0.066042 0.054950
0 0.876172 0.410417 0.046094 0.048611
0 0.886719 0.467361 0.039062 0.040278
0 0.978125 0.411806 0.035937 0.040278
0 0.500781 0.325000 0.054688 0.036111
0 0.369922 0.307639 0.049219 0.043056