0 0.648383 0.643797 0.047296 0.047385
0 0.663375 0.865334 0.065221 0.058107
0 0.858473 0.273091 0.065485 0.056322
0 0.923783 0.228166 0.057025 0.052086
0 0.989380 0.236107 0.021241 0.038000
0 0.801611 0.964924 0.021744 0.023838
0 0.942403 0.268072 0.047610 0.052410
0 0.708165 0.721517 0.045171 0.040015
0 0.975275 0.411007 0.049449 0.048197
0 0.886878 0.309658 0.065372 0.055534
0 0.770849 0.357533 0.017606 0.027005
0 0.985912 0.676349 0.026978 0.085058
0 0.869531 0.407639 0.046875 0.040278
0 0.881641 0.469444 0.036719 0.041667
0 0.501563 0.326389 0.046875 0.041667
0 0.372266 0.312500 0.046094 0.041667
0 0.817969 0.811806 0.054688 0.051389