0 0.665225 0.652440 0.047822 0.048141
0 0.839216 0.824727 0.054972 0.060102
0 0.918846 0.231017 0.056183 0.051284
0 0.853984 0.275066 0.063401 0.055439
0 0.628436 0.846050 0.045136 0.055489
0 0.936690 0.270738 0.046711 0.052220
0 0.983328 0.694825 0.031402 0.085039
0 0.675147 0.608701 0.019143 0.018815
0 0.721198 0.731316 0.045202 0.040374
0 0.947504 0.360418 0.104993 0.118190
0 0.376563 0.314583 0.051562 0.040278
0 0.500781 0.327778 0.046875 0.038889
0 0.868359 0.414583 0.046094 0.040278
0 0.875000 0.472222 0.042188 0.038889
0 0.970313 0.411111 0.046875 0.041667
0 0.986719 0.233333 0.023438 0.044444