0 0.681179 0.661016 0.046767 0.049372
0 0.603781 0.827450 0.044343 0.054089
0 0.982487 0.713756 0.034909 0.083373
0 0.912956 0.232647 0.054443 0.050864
0 0.855626 0.837434 0.055995 0.059069
0 0.849748 0.278387 0.061964 0.054263
0 0.877271 0.313279 0.063473 0.053719
0 0.931555 0.272844 0.045744 0.051912
0 0.378853 0.315682 0.057040 0.038197
0 0.927734 0.377778 0.077344 0.044444
0 0.958984 0.413889 0.033594 0.036111
0 0.864062 0.413889 0.045312 0.038889
0 0.872656 0.471528 0.042188 0.037500
0 0.505859 0.333333 0.044531 0.036111
0 0.730078 0.744444 0.036719 0.041667