0 0.712883 0.679758 0.047489 0.049293
0 0.565747 0.795630 0.062986 0.049819
0 0.981670 0.748388 0.036613 0.078431
0 0.903129 0.239012 0.053726 0.048605
0 0.841799 0.282803 0.060946 0.054064
0 0.954398 0.414196 0.050887 0.046457
0 0.920886 0.277346 0.044094 0.049529
0 0.381121 0.319684 0.054381 0.037540
0 0.940963 0.367436 0.117904 0.111314
0 0.868191 0.316467 0.062959 0.051012
0 0.886191 0.865512 0.051889 0.060223
0 0.852734 0.414583 0.053906 0.048611
0 0.863672 0.470139 0.046094 0.043056
0 0.974219 0.236111 0.046875 0.055556
0 0.501563 0.331944 0.050000 0.044444