0 0.981872 0.763729 0.036256 0.075601
0 0.727068 0.689557 0.044793 0.049168
0 0.533058 0.782765 0.044234 0.045455
0 0.898777 0.240994 0.052836 0.050476
0 0.837067 0.284733 0.060098 0.053470
0 0.992968 0.388205 0.014063 0.033707
0 0.167096 0.409548 0.033428 0.019153
0 0.903717 0.879698 0.053613 0.061309
0 0.915510 0.279970 0.043914 0.049976
0 0.864066 0.318455 0.062893 0.050631
0 0.386672 0.321286 0.063046 0.038018
0 0.908984 0.384722 0.055469 0.050000
0 0.852344 0.414583 0.043750 0.037500
0 0.862891 0.471528 0.038281 0.034722
0 0.953516 0.410417 0.028906 0.026389
0 0.971484 0.244444 0.038281 0.036111
0 0.504297 0.335417 0.046094 0.034722