0 0.509959 0.771958 0.043202 0.042940
0 0.741988 0.699707 0.044824 0.049589
0 0.983152 0.779355 0.033696 0.073846
0 0.919459 0.894406 0.052049 0.060896
0 0.894181 0.244700 0.052919 0.047315
0 0.833253 0.286145 0.059751 0.051951
0 0.910931 0.282082 0.043406 0.050040
0 0.989298 0.388004 0.021404 0.037526
0 0.860342 0.320937 0.062393 0.050566
0 0.388441 0.322786 0.063397 0.037748
0 0.842969 0.412500 0.053125 0.047222
0 0.501172 0.339583 0.042969 0.037500
0 0.943359 0.419444 0.044531 0.050000
0 0.919531 0.386806 0.078125 0.048611
0 0.856250 0.467361 0.034375 0.031944
0 0.969531 0.240278 0.054688 0.052778