0 0.489375 0.762861 0.044980 0.040392
0 0.753580 0.710313 0.037186 0.047876
0 0.933710 0.907619 0.051639 0.065379
0 0.984603 0.793868 0.030795 0.073495
0 0.793860 0.789086 0.038297 0.040288
0 0.906294 0.283821 0.042971 0.049121
0 0.889444 0.247672 0.051995 0.045853
0 0.829287 0.288567 0.057872 0.050932
0 0.989563 0.455370 0.020874 0.053541
0 0.985644 0.386277 0.028712 0.042793
0 0.934137 0.368431 0.131726 0.114208
0 0.383594 0.324306 0.050000 0.043056
0 0.504687 0.338194 0.042188 0.040278
0 0.840625 0.416667 0.040625 0.041667
0 0.852344 0.472917 0.035937 0.031944
0 0.938281 0.414583 0.048438 0.034722
0 0.962891 0.243056 0.053906 0.050000