0 0.466989 0.755186 0.044599 0.038995
0 0.768161 0.720863 0.038181 0.047880
0 0.803600 0.799541 0.037690 0.042122
0 0.884527 0.249829 0.052299 0.046069
0 0.986599 0.808280 0.026803 0.072873
0 0.948615 0.924628 0.049494 0.061697
0 0.982399 0.461356 0.035203 0.065503
0 0.930986 0.369264 0.133968 0.112352
0 0.901813 0.286929 0.042464 0.048745
0 0.825144 0.291272 0.058353 0.051173
0 0.507422 0.344444 0.052344 0.036111
0 0.381641 0.327083 0.035156 0.034722
0 0.843359 0.325694 0.042969 0.048611
0 0.960547 0.252778 0.058594 0.052778
0 0.936328 0.415972 0.042969 0.040278
0 0.979688 0.388194 0.034375 0.037500
0 0.848437 0.470139 0.039062 0.034722
0 0.838281 0.415278 0.056250 0.038889