0 0.782746 0.733136 0.039378 0.048259
0 0.138298 0.977514 0.056597 0.044973
0 0.446068 0.749708 0.044706 0.035152
0 0.880585 0.252311 0.050306 0.043763
0 0.963196 0.940432 0.050572 0.061573
0 0.975887 0.475550 0.048096 0.063433
0 0.821907 0.293482 0.057526 0.050953
0 0.988116 0.821748 0.023769 0.070577
0 0.814844 0.809624 0.039149 0.041527
0 0.925119 0.370732 0.131531 0.110609
0 0.897124 0.288524 0.041695 0.047100
0 0.991585 0.175828 0.016829 0.026910
0 0.848276 0.326067 0.061015 0.048782
0 0.953645 0.251066 0.048957 0.051969
0 0.505078 0.345139 0.039844 0.045833
0 0.383203 0.327083 0.041406 0.034722
0 0.833594 0.418056 0.050000 0.038889
0 0.844531 0.470833 0.040625 0.041667
0 0.923047 0.423611 0.055469 0.041667
0 0.976562 0.398611 0.034375 0.044444
0 0.509375 0.967361 0.029687 0.054167
0 0.462109 0.966667 0.016406 0.047222