0 0.425094 0.745831 0.044280 0.035301
0 0.975883 0.956878 0.047963 0.062595
0 0.921286 0.372834 0.130627 0.111144
0 0.876412 0.256276 0.050544 0.041785
0 0.893006 0.290957 0.041329 0.046867
0 0.818950 0.294777 0.056773 0.049085
0 0.797545 0.743442 0.042105 0.050292
0 0.966791 0.486569 0.054376 0.065790
0 0.844082 0.327347 0.059970 0.048330
0 0.976443 0.388625 0.046275 0.045151
0 0.990455 0.831133 0.019090 0.062479
0 0.142698 0.974464 0.066902 0.051072
0 0.821563 0.822177 0.030952 0.040375
0 0.829297 0.419444 0.041406 0.041667
0 0.842969 0.468750 0.042188 0.037500
0 0.947266 0.250694 0.047656 0.059722
0 0.383984 0.330556 0.053906 0.038889
0 0.498828 0.341667 0.042969 0.041667
0 0.464453 0.955556 0.028906 0.055556
0 0.515234 0.967361 0.028906 0.054167
0 0.924609 0.413194 0.041406 0.051389
0 0.986328 0.175000 0.025781 0.038889