0 0.403925 0.743906 0.043250 0.036651
0 0.810316 0.755030 0.042369 0.048609
0 0.872351 0.257786 0.048859 0.043455
0 0.917690 0.373388 0.133232 0.108563
0 0.983069 0.970634 0.033862 0.056838
0 0.815652 0.297431 0.056084 0.050274
0 0.952745 0.501015 0.047842 0.066871
0 0.840176 0.328727 0.057927 0.048047
0 0.888419 0.292416 0.041200 0.046746
0 0.989366 0.224310 0.021268 0.039711
0 0.969750 0.390382 0.045981 0.044113
0 0.992738 0.838418 0.014524 0.053611
0 0.505469 0.345833 0.040625 0.036111
0 0.387109 0.333333 0.041406 0.030556
0 0.466016 0.956250 0.025781 0.054167
0 0.513672 0.963194 0.027344 0.056944
0 0.826172 0.425000 0.038281 0.036111
0 0.836328 0.470833 0.033594 0.038889
0 0.917969 0.418750 0.050000 0.040278
0 0.943750 0.261111 0.048438 0.038889
0 0.829297 0.831944 0.039844 0.041667
0 0.984375 0.174306 0.026562 0.040278