0 0.845480 0.841065 0.037190 0.039639
0 0.989736 0.978967 0.020529 0.042066
0 0.942596 0.514202 0.046963 0.067429
0 0.868366 0.261154 0.049407 0.040713
0 0.384512 0.743322 0.042716 0.035030
0 0.922194 0.374414 0.149815 0.107788
0 0.823259 0.765155 0.040974 0.052582
0 0.812018 0.299607 0.056191 0.048615
0 0.884108 0.294568 0.039921 0.045735
0 0.835832 0.331138 0.057215 0.046672
0 0.501563 0.344444 0.045312 0.036111
0 0.388281 0.328472 0.042188 0.040278
0 0.463281 0.952083 0.023438 0.070833
0 0.510938 0.952778 0.023438 0.069444
0 0.835547 0.471528 0.047656 0.051389
0 0.824219 0.417361 0.039062 0.043056
0 0.914062 0.417361 0.040625 0.034722
0 0.964063 0.388889 0.043750 0.036111
0 0.939063 0.253472 0.043750 0.051389
0 0.980078 0.174306 0.032031 0.037500
0 0.983203 0.228472 0.028906 0.034722