0 0.855478 0.851939 0.036355 0.040865
0 0.365367 0.744807 0.042654 0.037029
0 0.864559 0.263712 0.048669 0.041341
0 0.808846 0.301778 0.056346 0.048028
0 0.837005 0.779540 0.041579 0.049144
0 0.914367 0.374996 0.140761 0.106774
0 0.910426 0.420061 0.045370 0.041280
0 0.931818 0.529315 0.043536 0.068122
0 0.880099 0.296383 0.039687 0.045270
0 0.389453 0.332639 0.044531 0.043056
0 0.497266 0.343750 0.044531 0.051389
0 0.936328 0.257639 0.046094 0.045833
0 0.981641 0.234028 0.028906 0.037500
0 0.978906 0.181944 0.028125 0.030556
0 0.820703 0.425000 0.038281 0.030556
0 0.825391 0.474306 0.028906 0.034722
0 0.959766 0.395139 0.039844 0.037500
0 0.460547 0.944444 0.028906 0.072222
0 0.510156 0.947917 0.031250 0.076389
0 0.827344 0.331944 0.046875 0.047222