0 0.346537 0.746509 0.042312 0.038012
0 0.864557 0.863628 0.036375 0.039989
0 0.848789 0.792507 0.042307 0.049870
0 0.905562 0.375271 0.129760 0.104524
0 0.805248 0.303546 0.053971 0.048112
0 0.860813 0.265377 0.047697 0.041207
0 0.906073 0.817291 0.026791 0.035774
0 0.959937 0.468990 0.022459 0.021469
0 0.829209 0.334496 0.055757 0.045825
0 0.954086 0.394387 0.045436 0.045372
0 0.824609 0.466667 0.038281 0.041667
0 0.816797 0.427778 0.044531 0.041667
0 0.876172 0.292361 0.039844 0.040278
0 0.933984 0.262500 0.046094 0.030556
0 0.980078 0.231250 0.033594 0.037500
0 0.978125 0.179167 0.034375 0.038889
0 0.465625 0.943056 0.029687 0.061111
0 0.511719 0.948611 0.028125 0.063889
0 0.392578 0.336806 0.044531 0.029167
0 0.501172 0.347222 0.044531 0.033333
0 0.901953 0.410417 0.052344 0.045833