0 0.873580 0.874065 0.035802 0.041087
0 0.336630 0.750005 0.059689 0.039576
0 0.861763 0.804925 0.041280 0.050245
0 0.857147 0.268602 0.047770 0.038891
0 0.909390 0.377978 0.145816 0.105886
0 0.924418 0.843812 0.021638 0.022694
0 0.802749 0.305633 0.054113 0.046994
0 0.946778 0.480583 0.022419 0.023167
0 0.826153 0.336167 0.055141 0.045503
0 0.872757 0.300710 0.039398 0.044562
0 0.503906 0.352083 0.046875 0.045833
0 0.390625 0.338194 0.039062 0.034722
0 0.926172 0.265278 0.047656 0.036111
0 0.975000 0.229861 0.043750 0.045833
0 0.965625 0.183333 0.043750 0.047222
0 0.816016 0.419444 0.044531 0.030556
0 0.815625 0.473611 0.045312 0.033333
0 0.901172 0.420139 0.039844 0.037500
0 0.946094 0.399306 0.048438 0.043056
0 0.912891 0.559722 0.027344 0.063889
0 0.467969 0.944444 0.028125 0.061111
0 0.510938 0.940972 0.021875 0.068056