0 0.882152 0.885302 0.036152 0.040916
0 0.310721 0.754543 0.041407 0.040107
0 0.853797 0.270307 0.047212 0.039843
0 0.904342 0.379279 0.143285 0.103339
0 0.874446 0.818009 0.039025 0.050407
0 0.799620 0.307380 0.053744 0.045775
0 0.845321 0.829215 0.014896 0.021917
0 0.868818 0.302930 0.039066 0.044979
0 0.822666 0.337993 0.054864 0.044189
0 0.468750 0.938194 0.023438 0.054167
0 0.512109 0.940278 0.022656 0.058333
0 0.392188 0.340278 0.039062 0.030556
0 0.502344 0.354167 0.037500 0.030556
0 0.975000 0.236806 0.035937 0.034722
0 0.969141 0.186111 0.030469 0.033333
0 0.925000 0.264583 0.035937 0.031944
0 0.812500 0.425694 0.037500 0.031944
0 0.817578 0.474306 0.032031 0.031944
0 0.897656 0.422917 0.034375 0.031944
0 0.946484 0.397222 0.033594 0.030556
0 0.905859 0.568750 0.021094 0.059722