0 0.293288 0.759258 0.039936 0.040054
0 0.890667 0.895846 0.034694 0.040092
0 0.796031 0.309527 0.052374 0.046192
0 0.850453 0.273112 0.046431 0.037792
0 0.863211 0.846535 0.014325 0.021464
0 0.892155 0.380774 0.122892 0.101846
0 0.865081 0.305188 0.038584 0.044230
0 0.886719 0.833260 0.038911 0.051648
0 0.819768 0.339546 0.054638 0.045085
0 0.467578 0.936111 0.014844 0.050000
0 0.515625 0.936806 0.025000 0.051389
0 0.394922 0.344444 0.038281 0.041667
0 0.503125 0.358333 0.034375 0.030556
0 0.916016 0.275694 0.042969 0.023611
0 0.964844 0.243750 0.031250 0.026389
0 0.971875 0.188194 0.032813 0.031944
0 0.902344 0.586806 0.015625 0.065278
0 0.807422 0.421528 0.036719 0.040278
0 0.814063 0.471528 0.031250 0.029167
0 0.891797 0.424306 0.024219 0.029167
0 0.930078 0.402083 0.033594 0.031944
0 0.978125 0.325694 0.031250 0.037500