0 0.276347 0.765723 0.039408 0.041115
0 0.896045 0.847332 0.042205 0.050664
0 0.898725 0.906181 0.034515 0.040588
0 0.896280 0.382590 0.140224 0.103109
0 0.793530 0.311086 0.051966 0.045863
0 0.850532 0.275114 0.053230 0.039704
0 0.967926 0.904137 0.023502 0.022464
0 0.861428 0.307088 0.038002 0.043372
0 0.468750 0.925694 0.026562 0.059722
0 0.511719 0.927778 0.026562 0.058333
0 0.502344 0.358333 0.035937 0.033333
0 0.397266 0.341667 0.035156 0.027778
0 0.808594 0.335417 0.040625 0.043056
0 0.912109 0.266667 0.035156 0.044444
0 0.966016 0.237500 0.036719 0.030556
0 0.962891 0.185417 0.046094 0.037500
0 0.802734 0.423611 0.046094 0.027778
0 0.809375 0.476389 0.040625 0.033333
0 0.889062 0.427083 0.043750 0.020833
0 0.935937 0.402083 0.046875 0.029167
0 0.977344 0.322917 0.040625 0.034722