0 0.260331 0.772588 0.038505 0.040302
0 0.909583 0.862367 0.038288 0.055299
0 0.791492 0.313160 0.052638 0.045352
0 0.892177 0.614287 0.020445 0.064992
0 0.893149 0.383889 0.139977 0.101689
0 0.847484 0.276626 0.054303 0.039408
0 0.857761 0.308337 0.037942 0.042291
0 0.906812 0.917151 0.034837 0.040649
0 0.813489 0.341963 0.053636 0.042794
0 0.467969 0.920833 0.020313 0.077778
0 0.512109 0.918056 0.027344 0.066667
0 0.400000 0.343750 0.037500 0.031944
0 0.502734 0.357639 0.032031 0.031944
0 0.912109 0.266667 0.033594 0.038889
0 0.930859 0.401389 0.038281 0.030556
0 0.887891 0.427778 0.044531 0.033333
0 0.802344 0.421528 0.050000 0.031944
0 0.809766 0.469444 0.046094 0.033333
0 0.959766 0.238889 0.042969 0.036111
0 0.972266 0.320139 0.046094 0.040278