0 0.244188 0.778803 0.038431 0.042448
0 0.920777 0.874070 0.037992 0.049374
0 0.839853 0.279513 0.044895 0.037723
0 0.785484 0.722852 0.024288 0.021270
0 0.788002 0.314511 0.050994 0.044566
0 0.915134 0.927510 0.034431 0.040196
0 0.889489 0.626451 0.020205 0.064960
0 0.853915 0.310035 0.036857 0.042592
0 0.888734 0.385147 0.138296 0.101694
0 0.809968 0.343850 0.052796 0.043503
0 0.469922 0.919444 0.019531 0.066667
0 0.514844 0.921528 0.018750 0.059722
0 0.398047 0.347222 0.038281 0.030556
0 0.498437 0.358333 0.039062 0.033333
0 0.798828 0.424306 0.036719 0.037500
0 0.806250 0.473611 0.031250 0.030556
0 0.932031 0.400000 0.043750 0.030556
0 0.881250 0.427778 0.040625 0.025000
0 0.970703 0.319444 0.038281 0.044444
0 0.958203 0.237500 0.039844 0.036111
0 0.906250 0.279861 0.042188 0.029167