0 0.236985 0.786683 0.055401 0.045252
0 0.931752 0.888652 0.038144 0.049158
0 0.887030 0.638708 0.023112 0.064242
0 0.884785 0.385839 0.136195 0.100765
0 0.024009 0.225763 0.041749 0.036480
0 0.837829 0.281562 0.048333 0.036984
0 0.785374 0.316936 0.049812 0.044023
0 0.929196 0.937386 0.047775 0.043159
0 0.850386 0.311839 0.036906 0.042902
0 0.471094 0.908333 0.025000 0.063889
0 0.512500 0.916667 0.025000 0.058333
0 0.400391 0.349306 0.033594 0.034722
0 0.504687 0.359722 0.032813 0.030556
0 0.796875 0.429167 0.035937 0.038889
0 0.803906 0.473611 0.034375 0.033333
0 0.875391 0.421528 0.039844 0.031944
0 0.923047 0.398611 0.041406 0.036111
0 0.953906 0.250000 0.045312 0.038889
0 0.899609 0.279167 0.038281 0.030556
0 0.950391 0.199306 0.049219 0.034722
0 0.965625 0.329861 0.046875 0.034722