0 0.943060 0.903531 0.036495 0.048984
0 0.886618 0.650307 0.024985 0.064835
0 0.216094 0.795174 0.043969 0.042345
0 0.925348 0.948905 0.024910 0.038778
0 0.834414 0.283658 0.046181 0.036342
0 0.782148 0.318555 0.049652 0.044402
0 0.882038 0.387189 0.135397 0.098147
0 0.954178 0.951873 0.014779 0.022379
0 0.846953 0.313598 0.035818 0.041868
0 0.960636 0.327855 0.053469 0.051788
0 0.874342 0.427265 0.040686 0.038873
0 0.599926 0.548922 0.024582 0.014330
0 0.471484 0.906944 0.024219 0.055556
0 0.513281 0.911806 0.020313 0.048611
0 0.401172 0.348611 0.035156 0.027778
0 0.502344 0.364583 0.032813 0.031944
0 0.792969 0.423611 0.037500 0.036111
0 0.799609 0.470833 0.033594 0.033333
0 0.803125 0.339583 0.029687 0.040278
0 0.947266 0.244444 0.038281 0.036111
0 0.895703 0.281250 0.033594 0.020833
0 0.948828 0.204861 0.046094 0.037500