0 0.206493 0.803821 0.053859 0.043288
0 0.954364 0.919173 0.035770 0.049345
0 0.886570 0.661662 0.026918 0.063337
0 0.831383 0.285755 0.046432 0.037114
0 0.843817 0.315481 0.035806 0.040757
0 0.779703 0.319979 0.048798 0.042942
0 0.877584 0.387774 0.135956 0.096864
0 0.962370 0.431126 0.022942 0.015230
0 0.801091 0.348154 0.051325 0.043092
0 0.932883 0.960494 0.025891 0.038664
0 0.943650 0.250822 0.040999 0.043911
0 0.469922 0.902083 0.017969 0.056944
0 0.513281 0.911806 0.017188 0.054167
0 0.895312 0.282639 0.034375 0.045833
0 0.955469 0.335417 0.039062 0.043056
0 0.790234 0.426389 0.038281 0.036111
0 0.796094 0.477083 0.031250 0.034722
0 0.501563 0.365278 0.037500 0.027778
0 0.401172 0.350694 0.039844 0.031944
0 0.939844 0.210417 0.040625 0.037500
0 0.011719 0.280556 0.020313 0.038889