0 0.192466 0.810807 0.054647 0.047988
0 0.025371 0.286655 0.049925 0.052794
0 0.964012 0.932881 0.035918 0.047592
0 0.887251 0.673081 0.028604 0.062188
0 0.873018 0.388869 0.132807 0.096042
0 0.776872 0.322106 0.049578 0.043287
0 0.828970 0.288227 0.047917 0.036281
0 0.835305 0.773605 0.019730 0.017784
0 0.935789 0.210917 0.044449 0.044909
0 0.798260 0.349560 0.050202 0.042586
0 0.469141 0.900000 0.025781 0.063889
0 0.512500 0.906250 0.020313 0.056944
0 0.401953 0.353472 0.038281 0.031944
0 0.505469 0.368056 0.034375 0.030556
0 0.940625 0.258333 0.037500 0.030556
0 0.889453 0.281944 0.041406 0.033333
0 0.951562 0.329167 0.042188 0.044444
0 0.787891 0.430556 0.036719 0.027778
0 0.795312 0.475694 0.034375 0.034722
0 0.869531 0.434028 0.031250 0.040278
0 0.910156 0.412500 0.040625 0.038889