0 0.178430 0.820690 0.054218 0.042859
0 0.888656 0.683235 0.030014 0.061261
0 0.974785 0.947809 0.034665 0.048091
0 0.046467 0.306062 0.047688 0.051418
0 0.774580 0.323515 0.048941 0.043921
0 0.836871 0.318871 0.034562 0.040372
0 0.824852 0.290031 0.044062 0.033951
0 0.795604 0.350826 0.050616 0.041001
0 0.842638 0.786770 0.013523 0.018988
0 0.994288 0.375615 0.011424 0.037835
0 0.271690 0.715499 0.029802 0.018330
0 0.649917 0.581651 0.023982 0.017341
0 0.850391 0.398611 0.082031 0.050000
0 0.782813 0.429167 0.032813 0.025000
0 0.791406 0.475000 0.031250 0.030556
0 0.867578 0.427083 0.049219 0.020833
0 0.905078 0.402778 0.032031 0.033333
0 0.944141 0.335417 0.044531 0.034722
0 0.472266 0.897917 0.032031 0.059722
0 0.511719 0.902083 0.023438 0.056944
0 0.505469 0.367361 0.035937 0.037500
0 0.403906 0.354861 0.035937 0.029167
0 0.937891 0.253472 0.038281 0.043056
0 0.886328 0.287500 0.039844 0.033333