0 0.066538 0.324370 0.047160 0.049872
0 0.163984 0.830709 0.052126 0.043527
0 0.983653 0.961735 0.032554 0.048134
0 0.891325 0.694257 0.031674 0.059493
0 0.730620 0.705655 0.016335 0.017030
0 0.988424 0.378530 0.023151 0.044186
0 0.821932 0.290998 0.045422 0.035517
0 0.927924 0.448091 0.023688 0.015285
0 0.833813 0.320478 0.034048 0.038910
0 0.771917 0.324233 0.047709 0.041834
0 0.861642 0.392801 0.119820 0.100709
0 0.792501 0.352354 0.050323 0.040385
0 0.856657 0.798645 0.018785 0.022553
0 0.471484 0.895833 0.021094 0.063889
0 0.513281 0.892361 0.020313 0.059722
0 0.503906 0.363889 0.035937 0.038889
0 0.405469 0.355556 0.039062 0.036111
0 0.781641 0.427778 0.035156 0.036111
0 0.788672 0.473611 0.038281 0.030556
0 0.860156 0.427083 0.039062 0.037500
0 0.904297 0.406250 0.042969 0.043056
0 0.942969 0.335417 0.046875 0.040278
0 0.982812 0.311806 0.028125 0.034722
0 0.931250 0.258333 0.039062 0.030556
0 0.881641 0.286806 0.035156 0.037500