0 0.143028 0.840217 0.036889 0.044320
0 0.086869 0.341589 0.046175 0.047799
0 0.987900 0.975184 0.024200 0.047447
0 0.896098 0.705554 0.037239 0.059019
0 0.982485 0.383293 0.035030 0.049973
0 0.855146 0.391420 0.110958 0.093945
0 0.818523 0.293699 0.043946 0.034244
0 0.869993 0.814075 0.021220 0.018751
0 0.768623 0.326304 0.047697 0.041913
0 0.789915 0.353539 0.050369 0.040407
0 0.790358 0.925929 0.035190 0.050095
0 0.917301 0.673424 0.018472 0.021522
0 0.938373 0.334456 0.049570 0.048403
0 0.469922 0.888889 0.022656 0.063889
0 0.514844 0.890278 0.025000 0.072222
0 0.404687 0.357639 0.034375 0.031944
0 0.500781 0.371528 0.034375 0.037500
0 0.829297 0.320833 0.030469 0.041667
0 0.880078 0.286111 0.035156 0.038889
0 0.922656 0.252778 0.039062 0.041667
0 0.978906 0.309722 0.029687 0.041667
0 0.783203 0.427778 0.046094 0.027778
0 0.785156 0.475694 0.028125 0.037500
0 0.855078 0.429167 0.035156 0.033333
0 0.899219 0.410417 0.037500 0.043056