0 0.106881 0.357463 0.045092 0.045791
0 0.898088 0.716081 0.037075 0.056630
0 0.138555 0.851128 0.054574 0.047947
0 0.974092 0.391881 0.040054 0.045004
0 0.980496 0.314229 0.038953 0.038983
0 0.925258 0.691552 0.021234 0.021827
0 0.993449 0.982908 0.013075 0.034085
0 0.815265 0.296004 0.043709 0.033269
0 0.766648 0.328059 0.047171 0.040427
0 0.787077 0.353982 0.049514 0.039866
0 0.766294 0.737574 0.017075 0.017971
0 0.859233 0.392297 0.127180 0.094652
0 0.472656 0.886111 0.032813 0.066667
0 0.509766 0.893750 0.024219 0.059722
0 0.501953 0.372222 0.027344 0.027778
0 0.406250 0.355556 0.035937 0.036111
0 0.778125 0.427778 0.031250 0.041667
0 0.786719 0.466667 0.023438 0.036111
0 0.851172 0.427083 0.035156 0.031944
0 0.893750 0.410417 0.037500 0.034722
0 0.934766 0.337500 0.046094 0.044444
0 0.924609 0.266667 0.041406 0.033333
0 0.875781 0.290278 0.039062 0.036111
0 0.917969 0.222917 0.040625 0.031944