0 0.116569 0.860410 0.034638 0.044701
0 0.961933 0.399193 0.038341 0.045376
0 0.125558 0.372056 0.043153 0.045537
0 0.898163 0.726196 0.031473 0.056471
0 0.891893 0.840508 0.020699 0.019729
0 0.812772 0.296919 0.042385 0.032027
0 0.011777 0.337386 0.023555 0.050804
0 0.857133 0.393755 0.127028 0.094712
0 0.764280 0.329413 0.047287 0.040840
0 0.784222 0.356112 0.048625 0.038638
0 0.752734 0.881944 0.032031 0.052778
0 0.885156 0.410417 0.046875 0.029167
0 0.470703 0.879167 0.010156 0.061111
0 0.512891 0.884722 0.019531 0.055556
0 0.407422 0.356944 0.041406 0.022222
0 0.505859 0.368750 0.035156 0.034722
0 0.823828 0.324306 0.032031 0.029167
0 0.873828 0.295139 0.036719 0.023611
0 0.926172 0.270833 0.042969 0.041667
0 0.973437 0.314583 0.029687 0.031944
0 0.930469 0.338194 0.029687 0.034722
0 0.775000 0.428472 0.032813 0.029167
0 0.779687 0.474306 0.025000 0.029167