0 0.103739 0.871324 0.034234 0.044988
0 0.145132 0.386734 0.043031 0.044224
0 0.903547 0.737618 0.035023 0.055145
0 0.020976 0.355589 0.041256 0.048502
0 0.952163 0.405397 0.039406 0.045442
0 0.761251 0.330892 0.046463 0.041470
0 0.904882 0.854526 0.022301 0.019270
0 0.809195 0.298271 0.042035 0.033845
0 0.849955 0.393945 0.118471 0.092533
0 0.885746 0.469640 0.023737 0.016512
0 0.970528 0.319271 0.038387 0.037005
0 0.467578 0.879167 0.016406 0.055556
0 0.509375 0.877083 0.023438 0.059722
0 0.405078 0.359722 0.042969 0.033333
0 0.503516 0.372222 0.028906 0.030556
0 0.823438 0.326389 0.040625 0.027778
0 0.866406 0.295139 0.035937 0.037500
0 0.913281 0.266667 0.039062 0.033333
0 0.889453 0.410417 0.036719 0.034722
0 0.843359 0.426389 0.052344 0.033333
0 0.770312 0.429167 0.040625 0.036111
0 0.780078 0.473611 0.027344 0.027778
0 0.922656 0.343056 0.046875 0.036111