0 0.165105 0.400285 0.044139 0.041643
0 0.213342 0.371505 0.035225 0.027523
0 0.037348 0.372334 0.045771 0.049829
0 0.099851 0.880388 0.050698 0.050255
0 0.821708 0.791615 0.020728 0.017300
0 0.941086 0.412119 0.036794 0.044708
0 0.942957 0.747017 0.020864 0.021183
0 0.909754 0.747992 0.041509 0.054939
0 0.806586 0.300112 0.041601 0.033561
0 0.758576 0.331848 0.045208 0.040107
0 0.840401 0.393924 0.104398 0.088745
0 0.989522 0.391887 0.020007 0.014504
0 0.712109 0.840278 0.038281 0.052778
0 0.769922 0.425000 0.033594 0.044444
0 0.776563 0.477083 0.031250 0.040278
0 0.841406 0.428472 0.032813 0.029167
0 0.886328 0.407639 0.038281 0.034722
0 0.923828 0.338889 0.046094 0.036111
0 0.969141 0.322222 0.036719 0.033333
0 0.915625 0.265278 0.040625 0.025000
0 0.863281 0.299306 0.032813 0.031944
0 0.503516 0.372917 0.032031 0.020833
0 0.407422 0.360417 0.030469 0.026389
0 0.470313 0.875000 0.021875 0.055556
0 0.509766 0.872222 0.019531 0.063889