0 0.950032 0.767110 0.020274 0.020468
0 0.056423 0.388809 0.044394 0.048159
0 0.231928 0.381717 0.035341 0.026896
0 0.184197 0.412708 0.042946 0.041125
0 0.087651 0.891470 0.049801 0.044267
0 0.912059 0.758893 0.036852 0.053976
0 0.803697 0.301870 0.042002 0.031291
0 0.836847 0.809921 0.021272 0.018227
0 0.973753 0.397871 0.013656 0.014195
0 0.756631 0.333312 0.046101 0.039808
0 0.935580 0.419181 0.045589 0.045222
0 0.701741 0.827783 0.041103 0.045523
0 0.775937 0.359703 0.047274 0.039337
0 0.119134 0.253347 0.041933 0.062140
0 0.469922 0.869444 0.024219 0.063889
0 0.510547 0.868750 0.021094 0.059722
0 0.504297 0.372222 0.027344 0.036111
0 0.408594 0.361806 0.037500 0.034722
0 0.766406 0.430556 0.042188 0.036111
0 0.774219 0.470139 0.028125 0.029167
0 0.838281 0.437500 0.028125 0.030556
0 0.825781 0.403472 0.068750 0.037500
0 0.875781 0.409028 0.031250 0.037500
0 0.915234 0.345833 0.039844 0.030556
0 0.962500 0.322917 0.043750 0.043056
0 0.909766 0.269444 0.038281 0.033333
0 0.862891 0.300694 0.035156 0.037500
0 0.819141 0.328472 0.038281 0.031944