0 0.076709 0.902908 0.050861 0.045466
0 0.957213 0.787395 0.019523 0.021059
0 0.916056 0.766133 0.036938 0.061643
0 0.203345 0.424017 0.042684 0.041459
0 0.936095 0.896315 0.016687 0.018916
0 0.554241 0.411708 0.024431 0.023181
0 0.249433 0.391481 0.034549 0.026698
0 0.921585 0.424020 0.035877 0.045082
0 0.754539 0.334728 0.045007 0.039127
0 0.801167 0.303865 0.041002 0.031176
0 0.853005 0.827870 0.020910 0.020207
0 0.709365 0.510712 0.032972 0.028965
0 0.885337 0.430973 0.021405 0.016191
0 0.773937 0.360950 0.046419 0.036836
0 0.075555 0.405095 0.043410 0.046996
0 0.471484 0.865972 0.021094 0.070833
0 0.510156 0.870833 0.018750 0.063889
0 0.501172 0.374306 0.035156 0.034722
0 0.411328 0.363889 0.041406 0.030556
0 0.810547 0.329861 0.028906 0.040278
0 0.855469 0.296528 0.035937 0.043056
0 0.760156 0.434722 0.029687 0.033333
0 0.771094 0.471528 0.025000 0.034722
0 0.833984 0.430556 0.035156 0.027778
0 0.837891 0.400694 0.102344 0.043056
0 0.872266 0.408333 0.032031 0.033333
0 0.912500 0.343750 0.037500 0.040278
0 0.953125 0.324306 0.035937 0.034722
0 0.902734 0.274306 0.041406 0.031944
0 0.973047 0.234722 0.035156 0.030556
0 0.678906 0.806944 0.042188 0.052778