0 0.094338 0.419245 0.043907 0.046697
0 0.920465 0.781398 0.036599 0.054684
0 0.222509 0.435851 0.042088 0.039076
0 0.916413 0.431133 0.044481 0.045089
0 0.064501 0.914326 0.049989 0.049430
0 0.798284 0.306457 0.040359 0.030095
0 0.244927 0.770342 0.021897 0.014677
0 0.752648 0.336226 0.046209 0.038455
0 0.963046 0.808423 0.024144 0.025847
0 0.869096 0.847631 0.021726 0.019148
0 0.267564 0.401668 0.034317 0.025747
0 0.771278 0.362451 0.046508 0.036791
0 0.876946 0.433702 0.022297 0.016281
0 0.664062 0.794444 0.048438 0.055556
0 0.475781 0.863194 0.015625 0.054167
0 0.510938 0.867361 0.018750 0.056944
0 0.502344 0.376389 0.026562 0.027778
0 0.409375 0.359722 0.032813 0.036111
0 0.760938 0.431250 0.039062 0.040278
0 0.769141 0.475000 0.030469 0.038889
0 0.821875 0.402083 0.075000 0.037500
0 0.835156 0.430556 0.035937 0.036111
0 0.872266 0.407639 0.033594 0.029167
0 0.907031 0.350000 0.043750 0.041667
0 0.950781 0.326389 0.039062 0.033333
0 0.899609 0.273611 0.044531 0.036111
0 0.857812 0.299306 0.035937 0.037500
0 0.811328 0.327083 0.032031 0.034722