0 0.054732 0.925655 0.051304 0.045174
0 0.925294 0.793317 0.035900 0.053589
0 0.110896 0.432041 0.046732 0.046037
0 0.902581 0.437179 0.035136 0.043815
0 0.795269 0.307855 0.039593 0.031360
0 0.241086 0.445971 0.042335 0.038949
0 0.768852 0.363205 0.046661 0.038342
0 0.227976 0.779350 0.023278 0.015406
0 0.750484 0.337489 0.045366 0.038314
0 0.883438 0.866714 0.017369 0.017720
0 0.956877 0.375334 0.019439 0.016109
0 0.112840 0.803964 0.024483 0.017545
0 0.806856 0.333284 0.031756 0.037133
0 0.869038 0.437917 0.022166 0.016256
0 0.505078 0.382639 0.032031 0.029167
0 0.412891 0.367361 0.035156 0.031944
0 0.470703 0.862500 0.022656 0.055556
0 0.507812 0.858333 0.020313 0.063889
0 0.808203 0.406944 0.064844 0.044444
0 0.762109 0.432639 0.028906 0.029167
0 0.762891 0.472917 0.024219 0.034722
0 0.829297 0.431944 0.030469 0.027778
0 0.868750 0.412500 0.035937 0.027778
0 0.906641 0.344444 0.049219 0.044444
0 0.948047 0.325694 0.035156 0.031944
0 0.896484 0.272222 0.039844 0.033333
0 0.850781 0.299306 0.032813 0.026389
0 0.647656 0.776389 0.037500 0.044444