0 0.034642 0.936701 0.032763 0.042830
0 0.930579 0.804063 0.036187 0.050921
0 0.893211 0.443886 0.035080 0.044674
0 0.131742 0.444942 0.043394 0.044082
0 0.792442 0.308950 0.038296 0.029530
0 0.637590 0.766909 0.045327 0.043879
0 0.303422 0.417332 0.033447 0.025644
0 0.748110 0.338847 0.045342 0.038032
0 0.979915 0.850479 0.019538 0.021418
0 0.766584 0.364102 0.046606 0.037198
0 0.475781 0.861806 0.020313 0.065278
0 0.511719 0.861111 0.021875 0.055556
0 0.259766 0.458333 0.044531 0.050000
0 0.410547 0.369444 0.028906 0.022222
0 0.499609 0.378472 0.030469 0.031944
0 0.807031 0.411806 0.060937 0.037500
0 0.758203 0.428472 0.032031 0.034722
0 0.764453 0.473611 0.024219 0.027778
0 0.831250 0.432639 0.035937 0.043056
0 0.866797 0.407639 0.030469 0.037500
0 0.896484 0.343056 0.047656 0.050000
0 0.942969 0.320833 0.031250 0.041667
0 0.893359 0.280556 0.036719 0.027778
0 0.850000 0.309028 0.028125 0.023611
0 0.803125 0.335417 0.028125 0.029167