0 0.023065 0.947816 0.033939 0.042792
0 0.935939 0.815930 0.036255 0.052109
0 0.192506 0.800282 0.024253 0.016660
0 0.622351 0.753614 0.045039 0.041499
0 0.988976 0.872727 0.019626 0.021633
0 0.082296 0.827601 0.026285 0.016455
0 0.884257 0.450244 0.034397 0.043095
0 0.149654 0.457390 0.041592 0.042516
0 0.789926 0.310609 0.038152 0.030344
0 0.907243 0.901416 0.019644 0.029093
0 0.104885 0.679335 0.017681 0.025071
0 0.989833 0.390006 0.020212 0.013800
0 0.746112 0.340468 0.044518 0.038193
0 0.926457 0.426863 0.022192 0.014486
0 0.411719 0.369444 0.035937 0.022222
0 0.270703 0.460417 0.030469 0.045833
0 0.503516 0.381944 0.028906 0.041667
0 0.478906 0.851389 0.018750 0.063889
0 0.510938 0.865972 0.017188 0.073611
0 0.753906 0.429167 0.031250 0.030556
0 0.801953 0.339583 0.028906 0.031944
0 0.810156 0.404861 0.067187 0.037500
0 0.821094 0.430556 0.037500 0.036111
0 0.859766 0.412500 0.028906 0.027778
0 0.900781 0.352778 0.043750 0.033333
0 0.938281 0.329861 0.037500 0.029167
0 0.884375 0.282639 0.042188 0.029167
0 0.841797 0.302083 0.042969 0.040278
0 0.762109 0.474306 0.038281 0.034722
0 0.759375 0.368056 0.034375 0.044444