0 0.940330 0.827200 0.037567 0.050572
0 0.013652 0.959991 0.027296 0.040442
0 0.175624 0.810833 0.023672 0.015475
0 0.916635 0.431131 0.019969 0.015179
0 0.064382 0.839856 0.015370 0.014999
0 0.879871 0.455775 0.043292 0.044625
0 0.787322 0.312885 0.037712 0.029052
0 0.990942 0.969318 0.017717 0.019848
0 0.743553 0.342436 0.043183 0.038589
0 0.606754 0.741625 0.045340 0.040846
0 0.993551 0.895465 0.012614 0.022176
0 0.976617 0.337621 0.011500 0.013895
0 0.935224 0.332241 0.035971 0.034422
0 0.292969 0.472222 0.035937 0.038889
0 0.164062 0.472222 0.040625 0.050000
0 0.411328 0.368750 0.032031 0.034722
0 0.501953 0.377778 0.032031 0.030556
0 0.477344 0.850000 0.014063 0.061111
0 0.510156 0.853472 0.020313 0.056944
0 0.798828 0.337500 0.032031 0.036111
0 0.757031 0.364583 0.034375 0.029167
0 0.749219 0.438194 0.034375 0.023611
0 0.822266 0.397222 0.096094 0.033333
0 0.761328 0.473611 0.032031 0.027778
0 0.821875 0.432639 0.032813 0.029167
0 0.862891 0.411806 0.028906 0.037500
0 0.894922 0.349306 0.049219 0.043056
0 0.887109 0.281250 0.039844 0.029167
0 0.841016 0.305556 0.035156 0.030556
0 0.983594 0.218056 0.026562 0.027778