0 0.947187 0.838216 0.034848 0.049778
0 0.158723 0.820659 0.023375 0.018243
0 0.128173 0.300772 0.019914 0.014822
0 0.017494 0.969329 0.034879 0.044825
0 0.866732 0.462260 0.032948 0.044865
0 0.958583 0.405434 0.022070 0.013212
0 0.741056 0.342814 0.042381 0.037503
0 0.785172 0.314316 0.037199 0.028063
0 0.949305 0.376665 0.015431 0.015279
0 0.586328 0.725694 0.036719 0.040278
0 0.474609 0.847917 0.017969 0.070833
0 0.514453 0.852778 0.025781 0.055556
0 0.754687 0.440278 0.045312 0.047222
0 0.896094 0.350000 0.039062 0.038889
0 0.931641 0.334028 0.030469 0.034722
0 0.883203 0.281944 0.042969 0.041667
0 0.801953 0.329861 0.028906 0.040278
0 0.834766 0.306250 0.027344 0.037500
0 0.985547 0.214583 0.027344 0.034722
0 0.416797 0.370833 0.030469 0.033333
0 0.502734 0.377778 0.032031 0.027778
0 0.178516 0.480556 0.035156 0.052778
0 0.310156 0.483333 0.037500 0.033333
0 0.759375 0.368056 0.037500 0.044444
0 0.859375 0.415278 0.034375 0.027778
0 0.818750 0.431250 0.035937 0.031944
0 0.820703 0.413194 0.094531 0.034722