0 0.952651 0.849802 0.035208 0.050140
0 0.141775 0.833440 0.023796 0.017383
0 0.863260 0.468646 0.042550 0.045019
0 0.009143 0.978280 0.018249 0.038341
0 0.114433 0.675089 0.017421 0.025366
0 0.829313 0.737588 0.019658 0.016073
0 0.782569 0.315782 0.037188 0.027655
0 0.944021 0.413120 0.023458 0.013797
0 0.739149 0.343867 0.042111 0.036846
0 0.475000 0.848611 0.021875 0.050000
0 0.511328 0.847917 0.021094 0.048611
0 0.571484 0.718750 0.035156 0.040278
0 0.328906 0.491667 0.032813 0.036111
0 0.200000 0.490278 0.039062 0.036111
0 0.501563 0.383333 0.032813 0.036111
0 0.414453 0.372222 0.036719 0.030556
0 0.746484 0.431944 0.046094 0.022222
0 0.753516 0.472222 0.028906 0.027778
0 0.815625 0.437500 0.040625 0.025000
0 0.853125 0.415278 0.031250 0.027778
0 0.885547 0.360417 0.041406 0.026389
0 0.925391 0.327778 0.036719 0.033333
0 0.876563 0.289583 0.035937 0.026389
0 0.838281 0.315278 0.028125 0.027778
0 0.794922 0.337500 0.032031 0.027778
0 0.818750 0.408333 0.092188 0.038889
0 0.984375 0.214583 0.026562 0.026389