0 0.958384 0.861505 0.035371 0.050930
0 0.126178 0.845287 0.022742 0.015793
0 0.854869 0.475798 0.040546 0.046377
0 0.737268 0.345420 0.042106 0.036339
0 0.026810 0.879475 0.026980 0.015761
0 0.780455 0.317392 0.036181 0.027287
0 0.348828 0.493056 0.042969 0.038889
0 0.219531 0.499306 0.039062 0.048611
0 0.473828 0.845833 0.016406 0.050000
0 0.510938 0.852778 0.018750 0.052778
0 0.556250 0.705556 0.034375 0.044444
0 0.502344 0.384722 0.031250 0.033333
0 0.423047 0.378472 0.039844 0.031944
0 0.807422 0.411111 0.080469 0.041667
0 0.745313 0.431944 0.035937 0.033333
0 0.759766 0.473611 0.028906 0.036111
0 0.815234 0.438194 0.033594 0.034722
0 0.853516 0.409722 0.032031 0.041667
0 0.884766 0.356944 0.032031 0.030556
0 0.923438 0.332639 0.034375 0.031944
0 0.832422 0.307639 0.032031 0.037500
0 0.794922 0.343056 0.030469 0.041667
0 0.748437 0.365278 0.039062 0.030556
0 0.878125 0.284722 0.032813 0.030556
0 0.978125 0.214583 0.028125 0.037500
0 0.983594 0.330556 0.026562 0.052778