0 0.964414 0.873333 0.034755 0.049225
0 0.014332 0.893520 0.025670 0.016755
0 0.849222 0.760146 0.019963 0.017383
0 0.931037 0.361683 0.013303 0.012425
0 0.777733 0.318600 0.035410 0.026716
0 0.109570 0.857308 0.022774 0.017240
0 0.847548 0.482644 0.041031 0.048048
0 0.735309 0.346388 0.041328 0.036618
0 0.473828 0.836806 0.032031 0.068056
0 0.510156 0.841667 0.017188 0.058333
0 0.414062 0.379167 0.037500 0.033333
0 0.503125 0.379167 0.026562 0.027778
0 0.238281 0.508333 0.048438 0.052778
0 0.367578 0.504167 0.035156 0.041667
0 0.813672 0.413194 0.092969 0.051389
0 0.846094 0.413889 0.032813 0.033333
0 0.811328 0.431250 0.032031 0.031944
0 0.741797 0.434028 0.032031 0.029167
0 0.748437 0.472222 0.034375 0.027778
0 0.788672 0.336806 0.028906 0.037500
0 0.746484 0.367361 0.036719 0.037500
0 0.832812 0.314583 0.043750 0.040278
0 0.873828 0.287500 0.036719 0.030556
0 0.977344 0.218056 0.029687 0.036111
0 0.883984 0.348611 0.038281 0.041667
0 0.921094 0.329861 0.031250 0.037500
0 0.974219 0.334028 0.029687 0.051389
0 0.542969 0.702083 0.043750 0.043056