0 0.970345 0.885519 0.034420 0.047773
0 0.904437 0.431475 0.021828 0.013487
0 0.859080 0.771348 0.019063 0.015607
0 0.918522 0.367630 0.010703 0.011555
0 0.733877 0.347514 0.042840 0.036484
0 0.775081 0.320222 0.034691 0.028108
0 0.912710 0.397368 0.024443 0.015036
0 0.097307 0.870302 0.016887 0.016488
0 0.835608 0.489940 0.029738 0.047727
0 0.873441 0.454041 0.015483 0.015399
0 0.525000 0.690972 0.043750 0.043056
0 0.475391 0.837500 0.022656 0.055556
0 0.511719 0.843056 0.020313 0.061111
0 0.387500 0.513194 0.032813 0.037500
0 0.252344 0.511806 0.037500 0.037500
0 0.415234 0.374306 0.033594 0.026389
0 0.505078 0.385417 0.030469 0.040278
0 0.741406 0.431250 0.026562 0.037500
0 0.745313 0.472222 0.026562 0.033333
0 0.814844 0.443750 0.042188 0.031944
0 0.846484 0.415972 0.028906 0.031944
0 0.805469 0.414583 0.092188 0.043056
0 0.881250 0.356250 0.037500 0.031944
0 0.917969 0.339583 0.032813 0.029167
0 0.969531 0.339583 0.050000 0.037500
0 0.976953 0.223611 0.032031 0.036111
0 0.874609 0.285417 0.041406 0.031944
0 0.828125 0.317361 0.046875 0.034722
0 0.784766 0.341667 0.035156 0.044444