0 0.976737 0.898638 0.033259 0.048202
0 0.078607 0.884125 0.022486 0.015959
0 0.773016 0.321816 0.034102 0.026635
0 0.867659 0.783286 0.020950 0.018846
0 0.731866 0.349028 0.041222 0.036134
0 0.892983 0.437756 0.021996 0.013373
0 0.910382 0.371803 0.012225 0.013714
0 0.812545 0.405472 0.110703 0.083250
0 0.899380 0.401705 0.014825 0.014501
0 0.408984 0.525000 0.049219 0.041667
0 0.270703 0.522222 0.044531 0.036111
0 0.476172 0.838194 0.024219 0.056944
0 0.510547 0.840972 0.024219 0.056944
0 0.503906 0.385417 0.040625 0.034722
0 0.416406 0.374306 0.046875 0.031944
0 0.783203 0.341667 0.038281 0.036111
0 0.742188 0.440278 0.026562 0.030556
0 0.745703 0.478472 0.027344 0.034722
0 0.807031 0.434028 0.029687 0.034722
0 0.843359 0.424306 0.035156 0.037500
0 0.874219 0.356944 0.045312 0.038889
0 0.917188 0.339583 0.034375 0.043056
0 0.966016 0.350000 0.050781 0.058333
0 0.971484 0.222222 0.039844 0.036111
0 0.868359 0.297222 0.033594 0.027778
0 0.821484 0.320833 0.035156 0.027778
0 0.512500 0.688889 0.037500 0.033333