0 0.982228 0.912043 0.033773 0.048376
0 0.770882 0.323343 0.033991 0.026067
0 0.729981 0.350570 0.041304 0.036461
0 0.500000 0.688194 0.032813 0.034722
0 0.419531 0.528472 0.037500 0.043056
0 0.287891 0.525694 0.030469 0.040278
0 0.477344 0.839583 0.021875 0.062500
0 0.510547 0.839583 0.019531 0.056944
0 0.419141 0.378472 0.030469 0.029167
0 0.500781 0.384028 0.028125 0.031944
0 0.741406 0.372917 0.032813 0.037500
0 0.782031 0.347222 0.031250 0.027778
0 0.817969 0.318750 0.032813 0.037500
0 0.866016 0.294444 0.033594 0.027778
0 0.971484 0.227083 0.035156 0.029167
0 0.871875 0.366667 0.035937 0.027778
0 0.909766 0.343056 0.032031 0.036111
0 0.960547 0.356250 0.055469 0.043056
0 0.822266 0.504861 0.022656 0.043056
0 0.739062 0.440278 0.035937 0.027778
0 0.743750 0.477778 0.037500 0.036111
0 0.801172 0.411111 0.078906 0.041667
0 0.800391 0.425000 0.038281 0.044444
0 0.842969 0.420833 0.032813 0.025000