0 0.985543 0.925530 0.028914 0.048904
0 0.907674 0.727383 0.014844 0.013230
0 0.886770 0.808243 0.019398 0.017793
0 0.768385 0.325315 0.033898 0.025199
0 0.015361 0.245768 0.022884 0.017430
0 0.728178 0.352105 0.040661 0.035695
0 0.422656 0.384028 0.043750 0.037500
0 0.504297 0.395139 0.041406 0.034722
0 0.474219 0.831944 0.021875 0.061111
0 0.512500 0.833333 0.020313 0.058333
0 0.739453 0.437500 0.032031 0.047222
0 0.742188 0.477083 0.025000 0.037500
0 0.801172 0.406944 0.078906 0.072222
0 0.798438 0.436111 0.031250 0.030556
0 0.839063 0.413889 0.029687 0.036111
0 0.871484 0.358333 0.036719 0.036111
0 0.954688 0.361806 0.062500 0.051389
0 0.905859 0.340278 0.028906 0.030556
0 0.965625 0.229167 0.040625 0.033333
0 0.863672 0.297917 0.041406 0.029167
0 0.820312 0.324306 0.037500 0.023611
0 0.782031 0.347222 0.028125 0.030556
0 0.305469 0.533333 0.034375 0.047222
0 0.436328 0.534722 0.036719 0.036111
0 0.483594 0.679861 0.037500 0.034722