0 0.988468 0.938705 0.023063 0.050481
0 0.910243 0.734564 0.018574 0.014147
0 0.726296 0.353601 0.040117 0.036587
0 0.766023 0.326990 0.032524 0.025421
0 0.886332 0.387653 0.013842 0.012568
0 0.469922 0.675694 0.030469 0.029167
0 0.479687 0.826389 0.020313 0.052778
0 0.510938 0.832639 0.021875 0.054167
0 0.420703 0.381944 0.033594 0.030556
0 0.503516 0.386111 0.028906 0.027778
0 0.456250 0.545139 0.032813 0.034722
0 0.324219 0.544444 0.039062 0.036111
0 0.800781 0.416667 0.087500 0.055556
0 0.800391 0.436806 0.033594 0.043056
0 0.834766 0.418056 0.027344 0.030556
0 0.873828 0.356250 0.039844 0.045833
0 0.904297 0.342361 0.035156 0.040278
0 0.945312 0.368750 0.060937 0.048611
0 0.962891 0.228472 0.038281 0.031944
0 0.858984 0.293750 0.033594 0.029167
0 0.818359 0.323611 0.033594 0.030556
0 0.778516 0.346528 0.033594 0.029167
0 0.733984 0.436806 0.036719 0.043056
0 0.741016 0.373611 0.036719 0.041667
0 0.743359 0.482639 0.033594 0.037500
0 0.817187 0.533333 0.025000 0.055556