0 0.912127 0.741393 0.019961 0.014026
0 0.763835 0.328053 0.032448 0.024584
0 0.995349 0.284417 0.009302 0.025178
0 0.991450 0.953310 0.017100 0.049118
0 0.724596 0.355016 0.040451 0.035888
0 0.461299 0.674015 0.042562 0.025917
0 0.471094 0.549306 0.031250 0.031944
0 0.422656 0.379861 0.034375 0.031944
0 0.501563 0.391667 0.026562 0.030556
0 0.336719 0.544444 0.035937 0.030556
0 0.480469 0.840972 0.020313 0.073611
0 0.512109 0.831250 0.017969 0.048611
0 0.735938 0.375000 0.034375 0.033333
0 0.773047 0.350694 0.028906 0.029167
0 0.812500 0.316667 0.026562 0.041667
0 0.859766 0.300000 0.038281 0.030556
0 0.957422 0.231944 0.046094 0.050000
0 0.938672 0.365278 0.067969 0.041667
0 0.900000 0.345833 0.037500 0.025000
0 0.868359 0.354861 0.033594 0.031944
0 0.795312 0.405556 0.087500 0.041667
0 0.833203 0.416667 0.027344 0.027778
0 0.800000 0.438194 0.037500 0.029167
0 0.739062 0.476389 0.026562 0.033333
0 0.734766 0.438889 0.033594 0.025000