0 0.990541 0.287851 0.018917 0.024775
0 0.994324 0.962494 0.011352 0.040742
0 0.837677 0.467851 0.012576 0.013534
0 0.722541 0.355200 0.040035 0.035156
0 0.761479 0.328805 0.031315 0.024479
0 0.829207 0.419757 0.031408 0.033157
0 0.739912 0.377807 0.041472 0.033722
0 0.436719 0.670833 0.043750 0.044444
0 0.355859 0.548611 0.028906 0.036111
0 0.487891 0.561111 0.028906 0.041667
0 0.478125 0.827083 0.020313 0.048611
0 0.509766 0.827778 0.016406 0.044444
0 0.423828 0.387500 0.032031 0.030556
0 0.501953 0.394444 0.033594 0.025000
0 0.731641 0.434722 0.021094 0.036111
0 0.796484 0.414583 0.092969 0.037500
0 0.736719 0.475000 0.026562 0.025000
0 0.794922 0.438889 0.027344 0.033333
0 0.925391 0.377083 0.060156 0.040278
0 0.860156 0.359722 0.043750 0.030556
0 0.901172 0.343056 0.032031 0.033333
0 0.858203 0.297222 0.035156 0.038889
0 0.813281 0.326389 0.040625 0.027778
0 0.775000 0.346528 0.028125 0.034722
0 0.953125 0.236806 0.035937 0.034722
0 0.990625 0.206250 0.014063 0.031944
0 0.806250 0.539583 0.015625 0.059722