0 0.985740 0.290719 0.028519 0.029740
0 0.914664 0.752193 0.019868 0.014290
0 0.802998 0.551250 0.017299 0.053173
0 0.759124 0.330248 0.030849 0.024188
0 0.921874 0.859773 0.018151 0.016159
0 0.867299 0.400354 0.018629 0.012190
0 0.830187 0.475569 0.015794 0.013327
0 0.720639 0.356360 0.039486 0.035287
0 0.423828 0.382639 0.033594 0.029167
0 0.500781 0.392361 0.025000 0.029167
0 0.504297 0.562500 0.027344 0.027778
0 0.372656 0.555556 0.031250 0.036111
0 0.427734 0.672222 0.033594 0.038889
0 0.476172 0.825000 0.011719 0.044444
0 0.512109 0.822917 0.014844 0.048611
0 0.730859 0.435417 0.036719 0.037500
0 0.739844 0.478472 0.028125 0.034722
0 0.791406 0.438889 0.035937 0.027778
0 0.828906 0.421528 0.037500 0.031944
0 0.789062 0.414583 0.075000 0.043056
0 0.858984 0.364583 0.044531 0.034722
0 0.897266 0.343750 0.028906 0.037500
0 0.927344 0.366667 0.076563 0.038889
0 0.946875 0.236111 0.031250 0.033333
0 0.854688 0.299306 0.034375 0.029167
0 0.812109 0.331944 0.039844 0.030556
0 0.770312 0.352083 0.031250 0.023611
0 0.728125 0.378472 0.032813 0.023611
0 0.985547 0.208333 0.021094 0.036111