0 0.860748 0.404396 0.018858 0.012560
0 0.756997 0.331583 0.030562 0.023523
0 0.523132 0.572759 0.035339 0.031537
0 0.950486 0.317351 0.011235 0.011489
0 0.009557 0.177776 0.019112 0.045584
0 0.979129 0.293552 0.033386 0.030845
0 0.844809 0.427652 0.012480 0.013320
0 0.547727 0.421218 0.023593 0.019432
0 0.412500 0.669444 0.034375 0.030556
0 0.384375 0.556944 0.028125 0.036111
0 0.421875 0.381944 0.028125 0.025000
0 0.501172 0.397222 0.039844 0.038889
0 0.478906 0.811111 0.014063 0.061111
0 0.510938 0.821528 0.017188 0.043056
0 0.728516 0.447222 0.027344 0.038889
0 0.713672 0.352083 0.030469 0.023611
0 0.732422 0.377778 0.025781 0.030556
0 0.770312 0.352083 0.021875 0.031944
0 0.808984 0.327778 0.025781 0.025000
0 0.848437 0.302778 0.032813 0.027778
0 0.944922 0.236111 0.027344 0.030556
0 0.983594 0.210417 0.021875 0.031944
0 0.961719 0.182639 0.021875 0.037500
0 0.862891 0.363194 0.041406 0.023611
0 0.891797 0.347917 0.027344 0.029167
0 0.922656 0.372917 0.082812 0.048611
0 0.789844 0.422917 0.096875 0.037500
0 0.821484 0.410417 0.030469 0.045833
0 0.728516 0.469444 0.019531 0.027778
0 0.801172 0.561111 0.014844 0.052778