0 0.017933 0.198642 0.032263 0.039412
0 0.854653 0.407404 0.018616 0.013605
0 0.539173 0.579935 0.034419 0.031768
0 0.754907 0.332940 0.030277 0.023839
0 0.564603 0.525024 0.027823 0.023926
0 0.914834 0.369811 0.079929 0.073478
0 0.938044 0.885136 0.017748 0.015718
0 0.398828 0.672917 0.035156 0.023611
0 0.404297 0.562500 0.028906 0.033333
0 0.423438 0.386111 0.029687 0.022222
0 0.503516 0.391667 0.019531 0.036111
0 0.475000 0.815972 0.018750 0.040278
0 0.508203 0.819444 0.016406 0.047222
0 0.789062 0.417361 0.096875 0.054167
0 0.825781 0.425000 0.029687 0.027778
0 0.785156 0.438889 0.028125 0.025000
0 0.801172 0.565972 0.016406 0.051389
0 0.732422 0.479167 0.025781 0.027778
0 0.726562 0.442361 0.028125 0.031944
0 0.714453 0.357639 0.028906 0.043056
0 0.732031 0.379167 0.026562 0.033333
0 0.768750 0.350694 0.018750 0.026389
0 0.804688 0.328472 0.028125 0.026389
0 0.844141 0.300694 0.021094 0.031944
0 0.941016 0.238889 0.033594 0.033333
0 0.968750 0.300000 0.029687 0.025000
0 0.852734 0.359028 0.042969 0.029167
0 0.889062 0.345139 0.026562 0.026389
0 0.983594 0.211111 0.025000 0.030556
0 0.958984 0.195833 0.028906 0.027778