0 0.033332 0.216406 0.031843 0.039193
0 0.752679 0.333555 0.029910 0.024331
0 0.554292 0.587320 0.032751 0.031762
0 0.715676 0.359166 0.039189 0.033719
0 0.942963 0.388214 0.019938 0.014041
0 0.474609 0.817361 0.017969 0.040278
0 0.507812 0.815972 0.014063 0.043056
0 0.384766 0.672222 0.033594 0.025000
0 0.420312 0.568750 0.029687 0.029167
0 0.505078 0.393056 0.025781 0.022222
0 0.421875 0.386111 0.028125 0.027778
0 0.729297 0.377083 0.033594 0.026389
0 0.769922 0.360417 0.033594 0.026389
0 0.721094 0.437500 0.029687 0.025000
0 0.730469 0.479861 0.025000 0.029167
0 0.789844 0.424306 0.092188 0.040278
0 0.817578 0.425694 0.032031 0.031944
0 0.785156 0.444444 0.029687 0.022222
0 0.795703 0.568750 0.021094 0.045833
0 0.910937 0.377778 0.075000 0.044444
0 0.852734 0.363889 0.035156 0.025000
0 0.887500 0.344444 0.023438 0.030556
0 0.964844 0.302778 0.032813 0.022222
0 0.979688 0.216667 0.026562 0.027778
0 0.935547 0.239583 0.038281 0.031944
0 0.845703 0.302083 0.028906 0.031944
0 0.804297 0.330556 0.033594 0.027778
0 0.956641 0.203472 0.028906 0.029167