0 0.047626 0.232568 0.031832 0.039219
0 0.570321 0.595637 0.033895 0.031459
0 0.750759 0.335284 0.029927 0.023160
0 0.958117 0.305811 0.040837 0.030564
0 0.920111 0.774647 0.016974 0.012989
0 0.795871 0.583749 0.017516 0.051909
0 0.037629 0.166421 0.018360 0.016798
0 0.954580 0.911857 0.017810 0.016270
0 0.926888 0.395908 0.019762 0.014101
0 0.372739 0.675403 0.028883 0.027912
0 0.899891 0.376705 0.079700 0.073600
0 0.432812 0.570139 0.028125 0.029167
0 0.425781 0.386111 0.031250 0.030556
0 0.502734 0.393750 0.028906 0.026389
0 0.476562 0.811806 0.018750 0.040278
0 0.508203 0.811111 0.016406 0.038889
0 0.789844 0.428472 0.107813 0.056944
0 0.783203 0.443056 0.022656 0.027778
0 0.821484 0.428472 0.032031 0.029167
0 0.848828 0.365278 0.032031 0.030556
0 0.879687 0.350694 0.028125 0.029167
0 0.935156 0.242361 0.031250 0.026389
0 0.976953 0.219444 0.025781 0.030556
0 0.841016 0.303472 0.028906 0.026389
0 0.797656 0.332639 0.029687 0.026389
0 0.765625 0.361806 0.023438 0.020833
0 0.723828 0.383333 0.030469 0.019444
0 0.714453 0.361806 0.030469 0.023611
0 0.727344 0.476389 0.031250 0.025000
0 0.723047 0.441667 0.025781 0.025000
0 0.983203 0.172917 0.030469 0.031944