0 0.062298 0.249226 0.030524 0.037851
0 0.586248 0.603677 0.034095 0.032629
0 0.947024 0.309353 0.031845 0.031104
0 0.968909 0.373414 0.018771 0.012110
0 0.359765 0.678049 0.029075 0.026855
0 0.911254 0.405071 0.019640 0.011844
0 0.712096 0.360706 0.038232 0.033144
0 0.893376 0.378358 0.080515 0.072680
0 0.748410 0.336648 0.029286 0.023759
0 0.449572 0.574860 0.034622 0.028688
0 0.478516 0.811111 0.016406 0.038889
0 0.512109 0.815278 0.016406 0.061111
0 0.762500 0.353472 0.028125 0.034722
0 0.727344 0.383333 0.031250 0.027778
0 0.718750 0.440278 0.026562 0.019444
0 0.727344 0.479861 0.023438 0.023611
0 0.781641 0.445139 0.030469 0.026389
0 0.817578 0.423611 0.032031 0.022222
0 0.782031 0.411111 0.085938 0.030556
0 0.846094 0.372222 0.025000 0.033333
0 0.879687 0.348611 0.028125 0.027778
0 0.934375 0.245833 0.034375 0.025000
0 0.971484 0.221528 0.027344 0.031944
0 0.980078 0.177778 0.032031 0.027778
0 0.894922 0.277778 0.027344 0.022222
0 0.840625 0.307639 0.028125 0.026389
0 0.799609 0.337500 0.028906 0.022222
0 0.501563 0.390972 0.028125 0.029167
0 0.424609 0.386806 0.033594 0.031944