0 0.601553 0.611874 0.033088 0.034146
0 0.619960 0.557744 0.027425 0.025510
0 0.794134 0.599991 0.018589 0.049692
0 0.077135 0.265507 0.031050 0.036817
0 0.347549 0.681721 0.029358 0.028458
0 0.887280 0.381490 0.081092 0.071729
0 0.943938 0.313784 0.040355 0.031979
0 0.746787 0.337413 0.029293 0.023126
0 0.970547 0.939527 0.016299 0.016589
0 0.710525 0.361739 0.037691 0.032473
0 0.464844 0.573611 0.039062 0.038889
0 0.502344 0.397917 0.028125 0.026389
0 0.425391 0.385417 0.030469 0.026389
0 0.476953 0.804167 0.017969 0.050000
0 0.511328 0.809028 0.021094 0.048611
0 0.782422 0.424306 0.091406 0.051389
0 0.811719 0.423611 0.026562 0.027778
0 0.777734 0.443056 0.030469 0.030556
0 0.717969 0.440278 0.029687 0.025000
0 0.722656 0.472917 0.025000 0.026389
0 0.759375 0.352778 0.032813 0.030556
0 0.727344 0.384028 0.028125 0.026389
0 0.833594 0.308333 0.029687 0.027778
0 0.792578 0.328472 0.030469 0.023611
0 0.836719 0.281250 0.039062 0.026389
0 0.929688 0.245833 0.037500 0.030556
0 0.970313 0.225694 0.029687 0.031944
0 0.978516 0.178472 0.024219 0.023611
0 0.943359 0.204167 0.022656 0.022222