0 0.090725 0.280839 0.030195 0.035635
0 0.615742 0.621329 0.032218 0.035682
0 0.977864 0.953346 0.017067 0.016122
0 0.633071 0.566960 0.026456 0.022821
0 0.205862 0.405481 0.019308 0.011308
0 0.881646 0.419971 0.018802 0.011582
0 0.479620 0.581358 0.034068 0.028935
0 0.793942 0.608222 0.018594 0.048935
0 0.933164 0.389727 0.010355 0.011495
0 0.220585 0.376965 0.018468 0.012423
0 0.334749 0.685566 0.027642 0.028178
0 0.744273 0.338921 0.027820 0.022737
0 0.478906 0.805556 0.017188 0.044444
0 0.510156 0.809028 0.017188 0.056944
0 0.426563 0.385417 0.029687 0.029167
0 0.500391 0.393056 0.025781 0.027778
0 0.703516 0.360417 0.033594 0.037500
0 0.720703 0.379167 0.027344 0.033333
0 0.758203 0.360417 0.027344 0.037500
0 0.795312 0.333333 0.031250 0.033333
0 0.833594 0.310417 0.035937 0.031944
0 0.923828 0.248611 0.035156 0.027778
0 0.967578 0.225000 0.028906 0.033333
0 0.973437 0.182639 0.031250 0.029167
0 0.936719 0.312500 0.031250 0.033333
0 0.886719 0.386806 0.085938 0.031944
0 0.876953 0.347917 0.027344 0.026389
0 0.842969 0.365972 0.032813 0.037500
0 0.783203 0.424306 0.091406 0.040278
0 0.808594 0.425694 0.029687 0.026389
0 0.777344 0.445833 0.035937 0.027778
0 0.714844 0.443750 0.034375 0.023611
0 0.726953 0.480556 0.025781 0.025000