0 0.646402 0.577218 0.026912 0.024357
0 0.793836 0.615551 0.019756 0.049534
0 0.630702 0.630471 0.033497 0.033262
0 0.868102 0.427268 0.018884 0.012850
0 0.102800 0.295421 0.026659 0.035272
0 0.742207 0.340195 0.026860 0.022108
0 0.877782 0.385248 0.079564 0.068477
0 0.722790 0.385878 0.038833 0.032314
0 0.494922 0.584722 0.033594 0.033333
0 0.321875 0.696528 0.035937 0.023611
0 0.478125 0.804167 0.020313 0.050000
0 0.508203 0.805556 0.017969 0.052778
0 0.426953 0.391667 0.033594 0.030556
0 0.500000 0.395139 0.029687 0.031944
0 0.714844 0.445139 0.032813 0.040278
0 0.725000 0.479861 0.029687 0.043056
0 0.771484 0.440278 0.024219 0.027778
0 0.808203 0.424306 0.032031 0.031944
0 0.770703 0.417361 0.072656 0.040278
0 0.839453 0.372222 0.038281 0.033333
0 0.871875 0.357639 0.029687 0.026389
0 0.927734 0.313889 0.038281 0.030556
0 0.926953 0.258333 0.039844 0.036111
0 0.965234 0.232639 0.028906 0.031944
0 0.970703 0.180556 0.032031 0.038889
0 0.832031 0.308333 0.032813 0.038889
0 0.795703 0.330556 0.041406 0.025000
0 0.758594 0.361111 0.028125 0.030556
0 0.706250 0.363194 0.031250 0.034722