0 0.118605 0.309910 0.029867 0.036390
0 0.921436 0.321372 0.030896 0.029477
0 0.797537 0.623755 0.026912 0.047946
0 0.643041 0.640267 0.028247 0.033074
0 0.855085 0.435114 0.020768 0.013162
0 0.740741 0.340971 0.027716 0.021757
0 0.872248 0.386048 0.078913 0.068142
0 0.477734 0.802083 0.024219 0.051389
0 0.513281 0.800694 0.018750 0.059722
0 0.508984 0.586111 0.030469 0.033333
0 0.503125 0.393056 0.029687 0.041667
0 0.426563 0.390278 0.032813 0.027778
0 0.778906 0.434028 0.092188 0.056944
0 0.805078 0.429167 0.021094 0.022222
0 0.775391 0.441667 0.030469 0.030556
0 0.713281 0.448611 0.025000 0.025000
0 0.721875 0.488889 0.026562 0.030556
0 0.704297 0.363889 0.022656 0.027778
0 0.718359 0.381944 0.032031 0.027778
0 0.754687 0.361806 0.028125 0.029167
0 0.790234 0.334028 0.033594 0.023611
0 0.826172 0.315972 0.025781 0.026389
0 0.920312 0.252083 0.032813 0.023611
0 0.966016 0.190972 0.027344 0.023611
0 0.961719 0.224306 0.028125 0.029167
0 0.838281 0.364583 0.037500 0.037500
0 0.870313 0.355556 0.026562 0.027778