0 0.132139 0.324149 0.028990 0.034782
0 0.843685 0.441365 0.017996 0.014073
0 0.916201 0.323816 0.030811 0.029640
0 0.739112 0.341921 0.027009 0.020962
0 0.798293 0.632084 0.026644 0.048180
0 0.657813 0.654167 0.026562 0.041667
0 0.521094 0.590972 0.043750 0.037500
0 0.294531 0.699306 0.037500 0.026389
0 0.480078 0.800694 0.017969 0.045833
0 0.507812 0.801389 0.012500 0.047222
0 0.427734 0.394444 0.033594 0.025000
0 0.499609 0.396528 0.027344 0.026389
0 0.712109 0.445139 0.027344 0.023611
0 0.718359 0.482639 0.024219 0.026389
0 0.770312 0.441667 0.031250 0.033333
0 0.802734 0.425694 0.028906 0.026389
0 0.768750 0.415972 0.084375 0.031944
0 0.869531 0.395139 0.073438 0.037500
0 0.916797 0.256944 0.036719 0.030556
0 0.966797 0.186806 0.032031 0.029167
0 0.955469 0.225000 0.031250 0.030556
0 0.930469 0.212500 0.028125 0.030556
0 0.824219 0.311111 0.039062 0.027778
0 0.791406 0.340278 0.034375 0.025000
0 0.750391 0.358333 0.035156 0.033333
0 0.703906 0.363194 0.034375 0.029167
0 0.716406 0.384028 0.028125 0.029167