0 0.146612 0.337453 0.029548 0.034402
0 0.799531 0.639966 0.027203 0.047028
0 0.873134 0.419015 0.009829 0.010836
0 0.717728 0.387388 0.037672 0.030059
0 0.864964 0.389877 0.080780 0.067348
0 0.285938 0.706944 0.029687 0.030556
0 0.478906 0.796528 0.017188 0.040278
0 0.508984 0.795139 0.011719 0.048611
0 0.532813 0.593056 0.031250 0.027778
0 0.503906 0.404167 0.040625 0.027778
0 0.428125 0.392361 0.026562 0.026389
0 0.708984 0.444444 0.024219 0.025000
0 0.717187 0.475694 0.028125 0.029167
0 0.768750 0.442361 0.025000 0.023611
0 0.800781 0.425694 0.023438 0.023611
0 0.771875 0.420139 0.089063 0.045833
0 0.830469 0.373611 0.029687 0.025000
0 0.862500 0.355556 0.028125 0.025000
0 0.913672 0.328472 0.028906 0.037500
0 0.914453 0.251389 0.036719 0.027778
0 0.951562 0.236806 0.026562 0.018056
0 0.963281 0.193056 0.031250 0.022222
0 0.826953 0.314583 0.030469 0.023611
0 0.789062 0.341667 0.037500 0.022222
0 0.749219 0.363889 0.029687 0.022222
0 0.701953 0.368056 0.028906 0.025000
0 0.672656 0.658333 0.031250 0.036111