0 0.160827 0.351326 0.028686 0.032950
0 0.282073 0.711909 0.041206 0.032553
0 0.549280 0.599046 0.032003 0.027862
0 0.801287 0.647434 0.026993 0.047120
0 0.909505 0.328846 0.037282 0.030080
0 0.696008 0.620234 0.024997 0.023512
0 0.736315 0.343852 0.027170 0.021592
0 0.701738 0.368256 0.037246 0.031349
0 0.820811 0.457660 0.017096 0.015150
0 0.685547 0.673611 0.033594 0.038889
0 0.478125 0.795139 0.017188 0.048611
0 0.508984 0.793750 0.016406 0.045833
0 0.500391 0.397222 0.028906 0.025000
0 0.429688 0.397222 0.031250 0.030556
0 0.748437 0.359028 0.020313 0.034722
0 0.707812 0.385417 0.029687 0.023611
0 0.707031 0.450000 0.025000 0.025000
0 0.717187 0.479861 0.018750 0.026389
0 0.767578 0.445139 0.028906 0.029167
0 0.796094 0.422222 0.025000 0.038889
0 0.829297 0.372222 0.036719 0.030556
0 0.861328 0.353472 0.030469 0.029167
0 0.862891 0.393056 0.078906 0.036111
0 0.764062 0.418056 0.076563 0.036111
0 0.822266 0.314583 0.028906 0.023611
0 0.783203 0.340972 0.030469 0.023611
0 0.907031 0.252778 0.035937 0.025000
0 0.949609 0.231944 0.028906 0.027778
0 0.960547 0.192361 0.036719 0.026389