0 0.706926 0.631389 0.025393 0.024172
0 0.803018 0.655662 0.027558 0.045269
0 0.175313 0.363425 0.028873 0.032566
0 0.901433 0.329531 0.029520 0.028322
0 0.699804 0.682776 0.031360 0.034617
0 0.810416 0.466152 0.017521 0.015937
0 0.850966 0.433635 0.018879 0.013141
0 0.734310 0.345693 0.026751 0.021510
0 0.699990 0.368356 0.035477 0.031199
0 0.562109 0.602083 0.035156 0.037500
0 0.264062 0.719444 0.029687 0.030556
0 0.477344 0.796528 0.014063 0.043056
0 0.511328 0.792361 0.016406 0.034722
0 0.428516 0.395139 0.028906 0.023611
0 0.503125 0.401389 0.021875 0.025000
0 0.710156 0.390278 0.028125 0.030556
0 0.747656 0.362500 0.031250 0.025000
0 0.782031 0.341667 0.026562 0.027778
0 0.818750 0.318056 0.028125 0.027778
0 0.909375 0.257639 0.034375 0.034722
0 0.948438 0.234028 0.028125 0.029167
0 0.954688 0.198611 0.028125 0.030556
0 0.851172 0.400000 0.071094 0.025000
0 0.821875 0.370833 0.025000 0.022222
0 0.858203 0.357639 0.032031 0.029167
0 0.767969 0.423611 0.082812 0.030556
0 0.800000 0.431944 0.025000 0.027778
0 0.768359 0.445833 0.039844 0.030556
0 0.712891 0.443750 0.033594 0.020833
0 0.712891 0.480556 0.022656 0.027778