0 0.259326 0.725356 0.038822 0.032511
0 0.896823 0.332451 0.029837 0.027819
0 0.805494 0.663758 0.026627 0.044883
0 0.189529 0.375750 0.028770 0.032823
0 0.713437 0.694214 0.031378 0.036761
0 0.732110 0.346424 0.025657 0.020654
0 0.433203 0.395139 0.039844 0.029167
0 0.500781 0.400694 0.025000 0.023611
0 0.480078 0.788889 0.016406 0.044444
0 0.509375 0.795833 0.017188 0.055556
0 0.573828 0.605556 0.032031 0.022222
0 0.706641 0.370833 0.033594 0.033333
0 0.716016 0.397222 0.033594 0.033333
0 0.746875 0.365972 0.026562 0.020833
0 0.780469 0.342361 0.031250 0.023611
0 0.816016 0.314583 0.032031 0.029167
0 0.905469 0.258333 0.035937 0.025000
0 0.941406 0.235417 0.029687 0.026389
0 0.950781 0.195833 0.029687 0.027778
0 0.828906 0.370833 0.035937 0.027778
0 0.858203 0.361806 0.036719 0.026389
0 0.853516 0.397917 0.071094 0.037500
0 0.713672 0.477778 0.028906 0.030556
0 0.708984 0.443056 0.027344 0.022222
0 0.769531 0.425000 0.082812 0.041667
0 0.794922 0.427778 0.027344 0.033333
0 0.760156 0.446528 0.035937 0.029167