0 0.808412 0.670910 0.028496 0.043192
0 0.249036 0.732353 0.039058 0.034108
0 0.203681 0.387215 0.028799 0.031760
0 0.730761 0.347579 0.026061 0.020182
0 0.478906 0.789583 0.018750 0.043056
0 0.509766 0.786806 0.014844 0.054167
0 0.587891 0.609028 0.032031 0.034722
0 0.725000 0.706250 0.026562 0.040278
0 0.695312 0.367361 0.026562 0.026389
0 0.706250 0.390278 0.029687 0.025000
0 0.501172 0.401389 0.027344 0.030556
0 0.429297 0.393056 0.027344 0.022222
0 0.778125 0.340972 0.029687 0.026389
0 0.742969 0.366667 0.025000 0.027778
0 0.816016 0.320833 0.030469 0.033333
0 0.901953 0.263889 0.032031 0.025000
0 0.943359 0.236806 0.024219 0.023611
0 0.948047 0.199306 0.025781 0.023611
0 0.892188 0.337500 0.037500 0.022222
0 0.819531 0.374306 0.035937 0.026389
0 0.851562 0.356944 0.026562 0.025000
0 0.850781 0.405556 0.071875 0.036111
0 0.793359 0.427778 0.027344 0.016667
0 0.761719 0.446528 0.025000 0.020833
0 0.768750 0.429167 0.089063 0.030556
0 0.707422 0.443056 0.032031 0.025000
0 0.707812 0.477778 0.026562 0.025000