0 0.232213 0.739899 0.026485 0.031704
0 0.810119 0.678883 0.025664 0.043956
0 0.217805 0.398529 0.028168 0.030317
0 0.888804 0.336511 0.028600 0.029243
0 0.738639 0.720061 0.028799 0.037080
0 0.730213 0.348394 0.027454 0.019831
0 0.689844 0.365972 0.023438 0.026389
0 0.705078 0.390972 0.022656 0.031944
0 0.701953 0.444444 0.024219 0.027778
0 0.706641 0.474306 0.024219 0.026389
0 0.757422 0.427778 0.074219 0.047222
0 0.788672 0.426389 0.021094 0.022222
0 0.756641 0.444444 0.025781 0.019444
0 0.839063 0.407639 0.053125 0.037500
0 0.817969 0.377083 0.032813 0.034722
0 0.852344 0.359722 0.032813 0.027778
0 0.899609 0.259722 0.030469 0.027778
0 0.937500 0.243056 0.034375 0.033333
0 0.946484 0.196528 0.028906 0.023611
0 0.914062 0.221528 0.028125 0.023611
0 0.811719 0.317361 0.029687 0.026389
0 0.775781 0.344444 0.028125 0.025000
0 0.742969 0.363889 0.020313 0.027778
0 0.480469 0.784722 0.015625 0.041667
0 0.508984 0.783333 0.014844 0.038889
0 0.598437 0.615278 0.028125 0.030556
0 0.501563 0.408333 0.026562 0.027778
0 0.427734 0.395833 0.028906 0.027778