0 0.814590 0.687159 0.028369 0.042945
0 0.228048 0.747266 0.038095 0.032810
0 0.751084 0.732945 0.030055 0.037763
0 0.232504 0.408514 0.027713 0.030488
0 0.611799 0.621024 0.030485 0.028502
0 0.507401 0.796781 0.012373 0.017217
0 0.727218 0.350077 0.024870 0.020303
0 0.479687 0.788889 0.014063 0.036111
0 0.501172 0.400694 0.021094 0.015278
0 0.428906 0.397917 0.025000 0.020833
0 0.838672 0.407639 0.052344 0.031944
0 0.788672 0.429861 0.028906 0.023611
0 0.760938 0.447222 0.026562 0.022222
0 0.706250 0.475000 0.026562 0.025000
0 0.702344 0.440972 0.028125 0.031944
0 0.708984 0.397222 0.027344 0.033333
0 0.692969 0.370139 0.028125 0.026389
0 0.738672 0.368750 0.027344 0.026389
0 0.772656 0.342361 0.028125 0.020833
0 0.750000 0.425000 0.065625 0.044444
0 0.813281 0.319444 0.025000 0.027778
0 0.894141 0.264583 0.028906 0.029167
0 0.934375 0.241667 0.023438 0.025000
0 0.941016 0.200000 0.028906 0.025000
0 0.908594 0.227778 0.025000 0.025000
0 0.860938 0.293750 0.023438 0.026389
0 0.887891 0.336806 0.030469 0.026389
0 0.848047 0.360417 0.027344 0.023611
0 0.818750 0.376389 0.037500 0.022222