0 0.246321 0.419147 0.028007 0.030040
0 0.212316 0.754859 0.026259 0.032399
0 0.817518 0.695030 0.027739 0.041500
0 0.763406 0.747246 0.030321 0.037047
0 0.725631 0.350632 0.025221 0.020697
0 0.623236 0.626798 0.030783 0.030452
0 0.477734 0.781250 0.013281 0.037500
0 0.510156 0.783333 0.014063 0.036111
0 0.502734 0.406944 0.022656 0.019444
0 0.430469 0.397222 0.025000 0.022222
0 0.698438 0.445833 0.023438 0.025000
0 0.707031 0.472222 0.021875 0.030556
0 0.758984 0.447917 0.022656 0.020833
0 0.786719 0.430556 0.020313 0.022222
0 0.835156 0.407639 0.064062 0.040278
0 0.812500 0.377778 0.028125 0.027778
0 0.845703 0.366667 0.027344 0.025000
0 0.882031 0.336806 0.020313 0.023611
0 0.756250 0.427083 0.071875 0.034722
0 0.891797 0.260417 0.033594 0.037500
0 0.936328 0.201389 0.017969 0.022222
0 0.933984 0.244444 0.030469 0.025000
0 0.806641 0.320139 0.021094 0.023611
0 0.774219 0.346528 0.026562 0.020833
0 0.736719 0.370139 0.023438 0.018056
0 0.688281 0.368750 0.018750 0.018056
0 0.699219 0.388194 0.026562 0.029167
0 0.862891 0.298611 0.030469 0.030556