0 0.202786 0.762619 0.025851 0.032973
0 0.775831 0.760429 0.030638 0.035545
0 0.820943 0.701455 0.027950 0.046070
0 0.260848 0.428516 0.027786 0.029595
0 0.877609 0.341278 0.028255 0.027844
0 0.480078 0.781944 0.007031 0.047222
0 0.508984 0.779861 0.013281 0.031944
0 0.431250 0.399306 0.023438 0.020833
0 0.501172 0.406944 0.022656 0.025000
0 0.697266 0.449306 0.022656 0.018056
0 0.703906 0.475000 0.021875 0.025000
0 0.756250 0.450000 0.025000 0.025000
0 0.783203 0.436111 0.028906 0.022222
0 0.749219 0.427778 0.067187 0.044444
0 0.830859 0.407639 0.061719 0.040278
0 0.812500 0.381250 0.025000 0.023611
0 0.842969 0.365972 0.026562 0.029167
0 0.691797 0.373611 0.022656 0.025000
0 0.701562 0.387500 0.018750 0.025000
0 0.734766 0.372222 0.021094 0.019444
0 0.767969 0.345139 0.025000 0.026389
0 0.802344 0.329167 0.021875 0.022222
0 0.855859 0.294444 0.014844 0.019444
0 0.890234 0.268750 0.025781 0.020833
0 0.930078 0.245139 0.025781 0.020833
0 0.934766 0.202778 0.027344 0.027778
0 0.901172 0.233333 0.016406 0.019444