0 0.787231 0.774876 0.029645 0.039808
0 0.194010 0.770353 0.026203 0.032278
0 0.275168 0.438467 0.027182 0.029445
0 0.824572 0.712696 0.027091 0.042969
0 0.873902 0.343231 0.029898 0.029217
0 0.722104 0.352705 0.023958 0.020083
0 0.479687 0.775000 0.014063 0.044444
0 0.510938 0.774306 0.015625 0.051389
0 0.435937 0.400000 0.028125 0.019444
0 0.501953 0.406250 0.025781 0.023611
0 0.700000 0.446528 0.023438 0.029167
0 0.689063 0.376389 0.028125 0.025000
0 0.700000 0.395833 0.028125 0.022222
0 0.737109 0.372917 0.024219 0.031944
0 0.766797 0.347222 0.021094 0.025000
0 0.837500 0.363194 0.029687 0.020833
0 0.806250 0.377778 0.039062 0.027778
0 0.828125 0.409028 0.057813 0.037500
0 0.782813 0.431250 0.021875 0.020833
0 0.752734 0.447917 0.030469 0.015278
0 0.746484 0.422222 0.050781 0.027778
0 0.701562 0.477083 0.025000 0.023611
0 0.890234 0.270139 0.030469 0.015278
0 0.925000 0.247917 0.025000 0.023611
0 0.931250 0.206944 0.028125 0.022222
0 0.802734 0.325000 0.022656 0.025000
0 0.857812 0.297917 0.029687 0.026389