0 0.790509 0.731691 0.024665 0.026720
0 0.798368 0.789808 0.028107 0.037258
0 0.191515 0.776870 0.038243 0.033039
0 0.828392 0.722180 0.027619 0.042406
0 0.988979 0.329120 0.022043 0.030104
0 0.870757 0.344492 0.028724 0.028854
0 0.289493 0.447004 0.027263 0.029169
0 0.503906 0.406250 0.018750 0.026389
0 0.435547 0.402083 0.035156 0.037500
0 0.509766 0.777083 0.016406 0.034722
0 0.479687 0.778472 0.014063 0.031944
0 0.685937 0.377083 0.021875 0.029167
0 0.700781 0.397917 0.023438 0.029167
0 0.737109 0.372917 0.028906 0.026389
0 0.766797 0.350694 0.022656 0.031944
0 0.800391 0.325694 0.022656 0.023611
0 0.885156 0.270833 0.028125 0.027778
0 0.923047 0.252778 0.022656 0.036111
0 0.931641 0.207639 0.030469 0.029167
0 0.829688 0.409722 0.064062 0.038889
0 0.809375 0.380556 0.031250 0.036111
0 0.839453 0.369444 0.025781 0.036111
0 0.752344 0.428472 0.075000 0.031944
0 0.779687 0.433333 0.023438 0.027778
0 0.755078 0.449306 0.022656 0.029167
0 0.699609 0.475694 0.019531 0.026389
0 0.701172 0.452083 0.025781 0.029167