0 0.977369 0.338986 0.033931 0.029591
0 0.809861 0.805431 0.027374 0.036574
0 0.176173 0.784881 0.025653 0.032824
0 0.832121 0.731809 0.027521 0.040431
0 0.921173 0.251227 0.030015 0.030475
0 0.303516 0.455556 0.024219 0.033333
0 0.498828 0.405556 0.024219 0.022222
0 0.436719 0.399306 0.028125 0.020833
0 0.825781 0.401389 0.064062 0.044444
0 0.801953 0.377778 0.035156 0.033333
0 0.837109 0.369444 0.025781 0.025000
0 0.869141 0.346528 0.030469 0.029167
0 0.885547 0.272222 0.024219 0.030556
0 0.928516 0.210417 0.022656 0.020833
0 0.800391 0.328472 0.027344 0.034722
0 0.765234 0.349306 0.030469 0.023611
0 0.733594 0.375000 0.021875 0.022222
0 0.702344 0.400000 0.034375 0.038889
0 0.691797 0.380556 0.028906 0.025000
0 0.693750 0.446528 0.021875 0.018056
0 0.750781 0.429861 0.071875 0.040278
0 0.777734 0.430556 0.024219 0.027778
0 0.745313 0.445833 0.028125 0.027778
0 0.699219 0.478472 0.023438 0.023611
0 0.508984 0.772222 0.016406 0.041667
0 0.480469 0.772917 0.017188 0.043056