0 0.960989 0.348585 0.031933 0.028691
0 0.810365 0.756958 0.023783 0.024941
0 0.167345 0.793250 0.024997 0.032737
0 0.819632 0.821441 0.024320 0.036312
0 0.317239 0.464226 0.025990 0.028540
0 0.864995 0.346961 0.028312 0.027847
0 0.836628 0.740743 0.027856 0.041656
0 0.479297 0.772917 0.017969 0.037500
0 0.510156 0.766667 0.014063 0.050000
0 0.497266 0.407639 0.028906 0.023611
0 0.432812 0.404167 0.028125 0.033333
0 0.675000 0.656944 0.028125 0.038889
0 0.697266 0.450000 0.024219 0.038889
0 0.751953 0.431250 0.071094 0.040278
0 0.775391 0.429861 0.022656 0.020833
0 0.745313 0.446528 0.018750 0.020833
0 0.700781 0.481250 0.025000 0.026389
0 0.683984 0.374306 0.019531 0.020833
0 0.700781 0.397222 0.031250 0.030556
0 0.718359 0.350694 0.021094 0.023611
0 0.728516 0.369444 0.021094 0.027778
0 0.762891 0.347222 0.017969 0.019444
0 0.803516 0.334028 0.038281 0.031944
0 0.848828 0.302083 0.022656 0.018056
0 0.879687 0.275694 0.023438 0.029167
0 0.920312 0.254861 0.020313 0.034722
0 0.925000 0.205556 0.023438 0.036111