0 0.946114 0.357431 0.033346 0.028917
0 0.164025 0.801509 0.036394 0.033094
0 0.136131 0.280959 0.018113 0.017105
0 0.819890 0.773084 0.024228 0.030410
0 0.028525 0.228739 0.017321 0.012387
0 0.330181 0.472161 0.024324 0.027519
0 0.716454 0.356937 0.022137 0.019031
0 0.831958 0.837683 0.024261 0.038433
0 0.863264 0.348082 0.027851 0.027770
0 0.501563 0.406944 0.023438 0.022222
0 0.438281 0.405556 0.032813 0.030556
0 0.480859 0.774306 0.019531 0.034722
0 0.508984 0.776389 0.017969 0.036111
0 0.744141 0.433333 0.063281 0.044444
0 0.775000 0.430556 0.018750 0.019444
0 0.747266 0.447917 0.022656 0.023611
0 0.691406 0.450000 0.020313 0.027778
0 0.698438 0.478472 0.020313 0.023611
0 0.697266 0.393750 0.021094 0.020833
0 0.681250 0.373611 0.021875 0.016667
0 0.726562 0.373611 0.015625 0.019444
0 0.766797 0.354861 0.019531 0.023611
0 0.795703 0.334722 0.021094 0.022222
0 0.846875 0.304167 0.018750 0.025000
0 0.803125 0.379167 0.032813 0.025000
0 0.834766 0.368056 0.021094 0.025000
0 0.829297 0.410417 0.067969 0.034722
0 0.915234 0.250000 0.022656 0.041667
0 0.882812 0.271528 0.023438 0.023611
0 0.920703 0.213194 0.024219 0.023611
0 0.842187 0.750694 0.018750 0.037500
0 0.687500 0.664583 0.021875 0.040278