0 0.932075 0.365168 0.034778 0.029213
0 0.154670 0.809788 0.036518 0.032627
0 0.844821 0.853558 0.026297 0.039611
0 0.847019 0.762078 0.026206 0.040565
0 0.483203 0.777778 0.016406 0.027778
0 0.509375 0.776389 0.014063 0.027778
0 0.692578 0.678472 0.017969 0.023611
0 0.342187 0.478472 0.021875 0.023611
0 0.433594 0.404861 0.021875 0.020833
0 0.502734 0.413194 0.021094 0.020833
0 0.686328 0.381944 0.021094 0.025000
0 0.694922 0.404861 0.017969 0.023611
0 0.728906 0.376389 0.020313 0.030556
0 0.764062 0.353472 0.015625 0.018056
0 0.796875 0.334722 0.017188 0.025000
0 0.879687 0.283333 0.020313 0.027778
0 0.910156 0.251389 0.020313 0.027778
0 0.920703 0.216667 0.017969 0.019444
0 0.816406 0.414583 0.045312 0.037500
0 0.799609 0.374306 0.030469 0.034722
0 0.832422 0.363889 0.019531 0.025000
0 0.863672 0.346528 0.027344 0.026389
0 0.742578 0.429861 0.066406 0.034722
0 0.776172 0.436111 0.024219 0.022222
0 0.746094 0.450000 0.028125 0.025000
0 0.693750 0.450000 0.028125 0.030556
0 0.700391 0.479167 0.024219 0.027778