0 0.919111 0.372601 0.032974 0.029484
0 0.858908 0.871562 0.027802 0.037329
0 0.853584 0.773745 0.027074 0.039690
0 0.138656 0.819709 0.024607 0.032518
0 0.841563 0.800535 0.024168 0.024651
0 0.685797 0.379101 0.033094 0.029592
0 0.861531 0.349152 0.027848 0.026729
0 0.703138 0.684064 0.028458 0.035243
0 0.715593 0.357491 0.021880 0.019544
0 0.484766 0.772222 0.016406 0.038889
0 0.507422 0.773611 0.017969 0.044444
0 0.499219 0.408333 0.021875 0.027778
0 0.437500 0.404861 0.021875 0.020833
0 0.810937 0.420139 0.034375 0.040278
0 0.802344 0.386111 0.026562 0.036111
0 0.832031 0.378472 0.021875 0.023611
0 0.794531 0.331944 0.023438 0.025000
0 0.729688 0.366667 0.018750 0.025000
0 0.692969 0.397222 0.029687 0.025000
0 0.763281 0.353472 0.018750 0.026389
0 0.879297 0.272222 0.033594 0.027778
0 0.912891 0.256250 0.024219 0.029167
0 0.920312 0.214583 0.026562 0.029167
0 0.775000 0.429167 0.028125 0.016667
0 0.745313 0.454167 0.023438 0.027778
0 0.750000 0.429861 0.075000 0.031944
0 0.692969 0.447222 0.029687 0.011111
0 0.696484 0.479167 0.021094 0.025000
0 0.356250 0.482639 0.021875 0.029167