0 0.872222 0.889962 0.028425 0.037365
0 0.906193 0.381111 0.034092 0.028186
0 0.852217 0.817990 0.023317 0.029788
0 0.956515 0.886192 0.015041 0.016842
0 0.128795 0.829767 0.024289 0.033355
0 0.900591 0.846369 0.014857 0.023585
0 0.860137 0.785026 0.027740 0.040804
0 0.832601 0.728789 0.013501 0.016910
0 0.776121 0.624212 0.015088 0.017217
0 0.842374 0.784315 0.011997 0.017427
0 0.715478 0.357608 0.021868 0.019602
0 0.679647 0.672326 0.009743 0.009437
0 0.912261 0.255250 0.024284 0.028377
0 0.861628 0.349141 0.027389 0.026948
0 0.501953 0.412500 0.025781 0.016667
0 0.429688 0.402083 0.025000 0.018056
0 0.371484 0.494444 0.019531 0.025000
0 0.480469 0.775000 0.012500 0.033333
0 0.508203 0.775000 0.013281 0.036111